1000
4.0
9.0
16.0
25.0
36.0
49.0
64.0
80.615
99.065
119.33
141.39
166.05
188.87
216.945
245.835
276.42
307.08
340.835
372.265
406.725
442.375
484.425
522.755
565.26
602.56
647.595
690.205
733.725
782.595
832.88
879.46
921.365
969.095
1029.705
1079.395
1143.325
1187.655
1246.92
1299.44
1352.39
1405.73
1477.87
1532.69
1607.99
1674.73
1713.315
1784.485
1844.47
1913.89
1970.955
2055.325
2113.645
2186.435
2245.055
2303.505
2394.195
2453.285
2512.085
2588.535
2628.63
2667.11
2763.39
2841.21
2898.66
2999.06
3079.035
3159.685
3217.205
3298.475
3355.175
3411.065
3492.73
3547.59
3573.415
3654.505
3736.09
3787.75
3807.135
3855.805
3903.305
3983.195
4097.885
4174.53
4219.9
4259.715
4354.92
4454.82
4496.15
4549.57
4564.64
4642.84
4736.335
4829.58
4922.515
4987.72
5066.535
5083.84
5097.285
5189.555
5265.64
5353.24
5451.255
5485.325
5615.835
5648.96
5736.415
5870.045
5946.29
6022.37
6098.265
6236.655
6313.22
6454.5
6557.3
6597.48
6704.94
6780.92
6889.515
7001.825
7112.75
7140.51
7254.65
7257.85
7369.745
7411.63
7481.885
7517.19
7668.75
7653.35
7769.39
7923.55
7865.9
7930.84
7958.155
8113.365
8233.615
8296.785
8442.81
8505.35
8618.045
8698.095
8792.965
8817.465
8881.23
9009.105
8966.125
9093.83
9146.165
9196.23
9327.245
9407.775
9481.605
9554.21
9627.75
9736.11
9773.14
9850.01
9875.545
9901.89
9957.425
10087.515
10044.725
10066.375
10232.265
10219.17
10325.41
10329.705
10340.695
10446.445
10572.39
10637.005
10765.21
10934.13
11105.05
11277.97
11405.865
11581.835
11708.82
11887.8
12068.78
12251.76
12174.115
12262.725
12351.975
12472.105
12658.075
12776.445
12893.275
12902.425
13092.175
13187.34
13283.135
13476.145
13384.465
13484.35
13455.3
13648.72
13844.14
13753.155
13806.5
13986.735
14184.645
14157.91
13853.815
13817.165
13776.49
13948.01
13707.2
13460.06
13615.615
13583.745
13510.065
13472.855
13433.38
13624.88
13424.555
13616.145
13463.39
13171.41
13065.86
13007.9
13196.14
13024.535
12912.955
12682.995
12867.665
12627.29
12811.19
12407.65
12478.925
12550.73
12351.64
11916.06
11985.775
12056.04
11954.055
12049.36
12027.295
12117.3
11635.025
11431.53
11309.705
11482.695
11202.72
11375.54
11550.36
11419.68
11170.555
11344.945
11076.765
11007.755
10604.96
10643.32
10232.175
9939.585
10103.715
10003.705
9560.77
9383.87
8739.975
8895.745
8361.865
8381.955
8185.78
8334.32
8392.735
8457.94
8570.76
8621.21
8356.12
8512.28
8529.83
8687.43
8836.005
8974.73
9137.23
9265.625
9348.11
9430.93
9389.78
9528.66
9596.995
9701.52
9678.295
9772.9
9788.855
9921.44
9922.815
10088.865
10056.23
10193.325
10274.195
10297.28
10406.675
10487.965
10521.13
10595.745
10677.735
10755.64
10815.31
10789.17
10927.685
11098.615
11271.545
11327.915
11350.48
11525.58
11588.695
11735.905
11914.755
12095.605
12219.07
12341.265
12525.955
12712.645
12901.335
12930.045
13120.955
13313.865
13337.67
13532.75
13729.83
13673.55
13872.39
13618.645
13817.275
13760.28
13960.66
13834.39
13978.185
13896.955
14041.34
14243.9
14144.835
14348.145
14553.455
14760.765
14970.075
14649.82
14322.475
14528.625
14191.03
14313.365
14519.615
14727.865
14678.215
14888.205
14842.57
14792.125
14743.695
14740.68
14951.84
14677.015
14606.98
14543.66
14753.78
14692.14
14505.0
14577.14
14522.92
14311.655
14255.145
14117.21
13905.645
13905.655
13907.68
13947.915
13531.375
13269.7
13292.835
12968.84
13164.42
12848.995
12760.885
12496.41
12152.605
12342.515
12267.64
12206.155
12144.44
12068.815
12088.58
11766.635
11955.185
11885.835
12076.125
11942.365
12133.255
12252.96
12446.66
12295.155
12489.325
12681.87
12601.55
12696.645
12792.33
12884.27
12973.83
13060.95
13114.705
13294.49
13495.49
13535.35
13626.185
13816.55
13878.66
13997.28
14047.73
14250.65
14399.185
14521.49
14644.525
14851.475
15040.6
15167.755
15378.825
15508.71
15625.78
15839.74
16034.595
16176.3
16318.795
16537.705
16685.43
16804.34
16994.935
17185.16
17409.38
17523.87
17750.05
17936.845
18124.75
18309.09
18494.49
18664.31
18801.145
18935.81
19012.3
19079.81
19205.465
19380.31
19501.485
19620.13
19856.29
19865.49
20103.53
19633.385
19289.55
19296.725
19172.59
19404.77
18923.26
19153.06
19240.38
19472.5
19555.26
19549.875
19784.105
18914.62
18883.68
18675.78
18673.4
18670.9
18210.75
17736.88
17377.695
17241.085
17224.335
17440.705
17474.775
17402.86
17133.655
16843.255
17056.545
16954.335
16950.74
17165.46
17382.18
17023.97
17008.845
16878.87
17094.11
16968.15
16556.605
16770.275
16985.945
16934.515
16882.785
17099.855
17049.825
17268.595
17489.365
17712.135
17931.48
18151.835
18374.865
18604.695
18828.94
19054.015
19279.86
19516.52
19744.155
19984.365
20226.575
20470.785
20716.995
20965.205
21215.415
21467.625
21721.835
21978.045
22236.255
22496.465
22758.675
23022.885
23289.095
23557.305
23827.515
24099.725
24373.935
24650.145
24928.355
25208.565
25490.775
25774.985
26061.195
25965.78
26253.24
26147.915
26033.325
25912.215
25807.245
26093.475
25641.545
25539.975
25824.045
25720.93
25625.37
25520.745
25476.875
25422.145
25366.835
24837.995
24770.62
24583.355
24501.065
24312.11
24587.23
24488.99
24765.39
25043.79
25324.19
24896.345
24813.67
25092.11
24986.15
24125.665
24399.135
24674.605
24083.13
23411.76
23314.115
22789.68
22685.04
22576.975
22479.04
22380.435
22642.945
22178.245
21500.01
21757.07
21646.23
21392.61
21156.83
21412.89
21165.35
21422.25
21313.965
21572.175
21832.385
22094.595
22358.805
22625.015
22893.225
23163.435
23054.785
23326.255
23216.1
23488.82
23763.54
24040.26
24318.98
24599.7
24882.42
25167.14
25453.86
25742.58
26033.3
26326.02
26620.74
26917.46
27216.18
27516.9
27819.62
28124.34
28431.06
28739.78
28664.1
28974.06
29136.395
29295.54
29608.06
29922.58
29604.09
29707.505
29806.77
29805.225
29803.19
29888.825
29970.07
29741.84
30051.46
29803.91
29864.225
30172.955
29553.595
29103.08
28807.99
28347.325
28283.895
28248.68
27986.18
27989.98
27394.145
27139.985
27152.15
26863.585
26585.525
26614.77
25989.675
26013.42
25955.355
26226.965
26231.475
25715.175
24900.815
24789.205
24242.67
23683.77
23083.925
22557.435
22805.785
22423.61
22063.31
22038.71
22282.91
22148.25
21753.42
21995.88
21610.97
21228.5
20983.475
21220.945
20260.545
19860.85
20090.95
19599.56
19528.235
19117.96
19343.3
19214.215
19440.905
19313.17
19541.21
19404.065
19338.19
19567.13
19414.445
19620.155
19535.38
19765.8
19969.36
20203.04
20038.295
20273.165
19800.11
19619.01
19851.75
20086.49
20025.57
19669.005
19902.495
19842.76
20077.84
20314.92
20554.0
20507.1
20747.8
20990.5
21235.2
21106.54
21352.52
21600.5
21850.48
22102.46
22356.44
22612.42
22870.4
23130.38
23017.0
23278.26
23155.12
23031.22
23292.96
23170.3
23433.28
23698.26
23578.84
23063.875
23326.545
23218.59
23482.55
22989.485
22862.79
22362.7
22620.94
22881.18
22768.06
21924.67
21896.91
21528.205
21497.135
21022.44
20604.035
19850.5
19434.315
19292.78
18524.335
18027.66
17527.635
17381.185
17234.035
17086.185
16964.335
16847.105
16000.245
15849.995
15369.14
15579.46
15791.78
15644.315
15857.965
16071.635
16289.105
16508.575
16730.045
16953.515
17167.96
17382.995
17611.545
17842.095
18060.085
18294.115
18530.145
18768.175
19008.205
19250.235
19494.265
19740.295
19988.325
20238.355
20490.385
20744.415
21000.445
21258.475
21518.505
21780.535
22044.565
22310.595
22578.625
22848.655
23120.685
23394.715
23670.745
23948.775
24228.805
24510.835
24794.865
25080.895
25368.925
25658.955
25950.985
25885.915
26179.285
26115.555
26051.165
25986.115
25920.405
26213.135
25789.665
25394.315
24974.995
24921.945
24852.535
24434.025
24035.61
23591.945
23192.11
22827.82
22436.835
22701.545
22645.695
22568.685
22134.65
21731.35
21990.57
21591.09
21526.65
21512.825
20836.245
20752.73
20663.445
20240.59
20134.39
20381.31
19972.325
20218.155
20465.985
20715.815
20302.005
20550.715
20463.445
20359.815
20609.305
20860.795
20776.305
21029.215
21284.125
21541.035
21799.945
22060.855
22323.765
22588.675
22855.585
23124.495
23395.405
23668.315
23943.225
24220.135
24499.045
24779.955
25062.865
25347.775
25634.685
25923.595
26214.505
26507.415
26802.325
27099.235
27398.145
27699.055
28001.965
27991.89
28296.31
28602.73
28596.165
28589.11
28896.55
28575.66
28613.02
28444.25
28748.13
28770.81
28310.465
28145.555
27939.115
28235.325
28262.11
28560.01
28079.155
28374.325
28395.39
28356.845
28317.73
28342.005
27969.21
27674.485
27615.495
27568.96
26959.45
26545.3
26825.08
25839.185
25456.03
25340.37
25274.965
25544.375
25412.525
24949.05
25216.27
25150.105
25070.295
24989.865
24583.19
24162.945
24098.91
23984.09
23926.41
24185.73
23834.325
23429.41
23379.685
23100.55
23352.83
22969.585
22900.83
22839.11
23089.39
23046.445
22914.69
22464.685
22402.57
22266.345
21516.545
21373.91
21321.35
21268.39
21124.205
21362.895
21194.625
21019.775
21258.765
21087.93
21328.07
21570.21
21376.29
21619.49
21414.71
21658.93
21905.15
22153.37
21935.43
22184.61
22435.79
22688.97
22451.19
22205.99
21953.31
22205.07
22458.83
22386.93
22642.15
22899.37
23158.59
23419.81
23683.03
23948.25
24215.47
24004.21
23967.325
23937.355
24204.625
24168.87
24132.665
24401.035
24322.22
24129.475
24091.66
23940.835
23901.7
23737.915
23699.885
23525.915
23789.065
24054.215
23865.365
23819.035
24084.705
24044.875
24312.085
24273.795
23275.215
23538.885
23497.055
23454.765
23412.015
23640.2
23869.555
23601.56
23518.96
23748.575
23109.145
23289.19
23208.045
23467.555
23322.43
23167.755
23395.665
23561.01
23438.1
