1000
0.296306
0
0.297015
0
0.297745
0
0.298496
0
0.299268
0
0.30006
0
0.300873
0
0.301706
0
0.302559
0
0.303432
0
0.304324
0
0.305236
0
0.306168
0
0.307119
0
0.308088
0
0.309077
0
0.310084
0
0.31111
0
0.312154
0
0.313217
0
0.311913
0
0.310698
0
0.309574
0
0.30854
0
0.307597
0
0.306748
0
0.305992
0
0.30533
0
0.304762
0
0.30429
0
0.303913
0
0.303633
0
0.303449
0
0.303361
0
0.30337
0
0.303475
0
0.303677
0
0.303975
0
0.304369
0
0.304859
0
0.305192
0
0.305526
0
0.30586
0
0.306194
0
0.306528
0
0.306862
0
0.307197
0
0.307531
0
0.307866
0
0.3082
0
0.308535
0
0.30887
0
0.309204
0
0.309539
0
0.309874
0
0.31021
0
0.310545
0
0.31088
0
0.311216
0
0.311551
0
0.311887
0
0.312223
0
0.312558
0
0.312894
0
0.31323
0
0.313566
0
0.313903
0
0.314239
0
0.314575
0
0.314912
0
0.315248
0
0.315585
0
0.315922
0
0.316259
0
0.316595
0
0.316932
0
0.31727
0
0.317607
0
0.317944
0
0.318281
0
0.318619
0
0.318956
0
0.319294
0
0.319632
0
0.31997
0
0.320307
0
0.320645
0
0.320983
0
0.321322
0
0.32166
0
0.321998
0
0.322337
0
0.322675
0
0.323014
0
0.323352
0
0.323691
0
0.32403
0
0.324369
0
0.324708
0
0.325047
0
0.325386
0
0.325725
0
0.326065
0
0.326404
0
0.326744
0
0.327083
0
0.327423
0
0.327762
0
0.328102
0
0.328442
0
0.328782
0
0.329122
0
0.329462
0
0.329803
0
0.330143
0
0.330483
0
0.330824
0
0.331164
0
0.331505
0
0.331845
0
0.332186
0
0.334085
0
0.336004
0
0.337943
0
0.3399
0
0.341877
0
0.343873
0
0.345887
0
0.347919
0
0.349969
0
0.352036
0
0.35412
0
0.356221
0
0.358339
0
0.360473
0
0.362623
0
0.364788
0
0.366969
0
0.369165
0
0.371376
0
0.373602
0
0.373602
0
0.373602
0
0.373602
0
0.373602
0
0.373602
0
0.373602
0
0.373602
0
0.373602
0
0.373602
0
0.373602
0
0.373602
0
0.373602
0
0.373602
0
0.373602
0
0.373602
0
0.373602
0
0.373602
0
0.373602
0
0.373602
0
0.373602
0
0.373602
0
0.373602
0
0.373602
0
0.373602
0
0.373602
0
0.373602
0
0.373602
0
0.373603
0
0.373603
0
0.373603
0
0.373603
0
0.373603
0
0.373603
0
0.373603
0
0.373603
0
0.373603
0
0.373603
0
0.373603
0
0.373603
0
0.373603
0
0.373603
0
0.373603
0
0.373603
0
0.373603
0
0.373603
0
0.373603
0
0.373603
0
0.373603
0
0.373603
0
0.373603
0
0.373603
0
0.373603
0
0.373603
0
0.373603
0
0.373603
0
0.373603
0
0.373603
0
0.373603
0
0.373604
0
0.373604
0
0.373604
0
0.373604
0
0.373604
0
0.373604
0
0.373604
0
0.373604
0
0.373604
0
0.373604
0
0.373604
0
0.373604
0
0.373604
0
0.373604
0
0.373604
0
0.373604
0
0.373604
0
0.373604
0
0.373604
0
0.373604
0
0.373604
0
0.373604
0
0.373604
0
0.369887
0
0.366184
0
0.362495
0
0.358823
0
0.355166
0
0.351526
0
0.347902
0
0.344296
0
0.340708
0
0.337138
0
0.333588
0
0.330057
0
0.326547
0
0.323058
0
0.31959
0
0.316145
0
0.312724
0
0.309326
0
0.305953
0
0.302606
0
0.299324
0
0.296063
0
0.292823
0
0.289606
0
0.286411
0
0.283239
0
0.280092
0
0.27697
0
0.273874
0
0.270805
0
0.267763
0
0.264751
0
0.261768
0
0.258816
0
0.255896
0
0.253009
0
0.250156
0
0.247338
0
0.244557
0
0.241814
0
0.23911
0
0.236446
0
0.233824
0
0.231245
0
0.228711
0
0.226223
0
0.223783
0
0.218411
0
0.21544
0
0.210077
0
0.207152
0
0.201801
0
0.198926
0
0.19359
0
0.190771
0
0.185452
0
0.182695
0
0.177397
0
0.17471
0
0.169438
0
0.166829
0
0.161589
0
0.159066
0
0.153866
0
0.151441
0
0.14629
0
0.143975
0
0.138883
0
0.136694
0
0.131676
0
0.12963
0
0.124703
0
0.122819
0
0.118004
0
0.116307
0
0.11163
0
0.110147
0
0.105639
0
0.104399
0
0.100101
0
0.0991378
0
0.0950935
0
0.094443
0
0.0907053
0
0.0904032
0
0.0870301
0
0.0871097
0
0.0841612
0
0.0846495
0
0.0821832
0
0.0830968
0
0.0811612
0
0.0825028
0
0.0811313
0
0.0828881
0
0.0820947
0
0.0842393
0
0.0840172
0
0.0865111
0
0.086835
0
0.0896336
0
0.0923261
0
0.0952846
0
0.0984851
0
0.101905
0
0.105523
0
0.109319
0
0.113275
0
0.117376
0
0.121606
0
0.125953
0
0.130404
0
0.13495
0
0.139581
0
0.14429
0
0.149068
0
0.153909
0
0.158808
0
0.163759
0
0.168757
0
0.1738
0
0.179258
0
0.184723
0
0.190195
0
0.195673
0
0.201156
0
0.206644
0
0.212138
0
0.217635
0
0.223137
0
0.228642
0
0.234151
0
0.239663
0
0.245178
0
0.250696
0
0.256216
0
0.261739
0
0.267264
0
0.272792
0
0.278321
0
0.283852
0
0.289386
0
0.29492
0
0.300457
0
0.305995
0
0.311534
0
0.317075
0
0.322618
0
0.328161
0
0.333705
0
0.339251
0
0.344798
0
0.350346
0
0.355894
0
0.361444
0
0.366995
0
0.372546
0
0.378098
0
0.383651
0
0.389205
0
0.394759
0
0.400314
0
0.40587
0
0.411426
0
0.416983
0
0.422541
0
0.428099
0
0.433657
0
0.439216
0
0.444776
0
0.450336
0
0.455896
0
0.461457
0
0.467019
0
0.47258
0
0.478143
0
0.483705
0
0.489268
0
0.494831
0
0.500395
0
0.505959
0
0.511523
0
0.517088
0
0.522652
0
0.528218
0
0.533783
0
0.539349
0
0.544915
0
0.550481
0
0.556047
0
0.561614
0
0.567181
0
0.572748
0
0.578316
0
0.583883
0
0.589451
0
0.595019
0
0.600587
0
0.606156
0
0.611724
0
0.617293
0
0.622862
0
0.626677
0
0.630495
0
0.634316
0
0.638141
0
0.64197
0
0.645802
0
0.649638
0
0.653477
0
0.657319
0
0.661164
0
0.665012
0
0.668864
0
0.672718
0
0.676576
0
0.680436
0
0.684299
0
0.688165
0
0.692034
0
0.695906
0
0.69978
0
0.7005
0
0.701221
0
0.701941
0
0.702662
0
0.703383
0
0.704104
0
0.704824
0
0.705545
0
0.706266
0
0.706987
0
0.707708
0
0.70843
0
0.709151
0
0.709872
0
0.710593
0
0.711315
0
0.712036
0
0.712758
0
0.71348
0
0.714201
0
0.714923
0
0.715645
0
0.716367
0
0.717088
0
0.71781
0
0.718532
0
0.719255
0
0.719977
0
0.720699
0
0.721421
0
0.722144
0
0.722866
0
0.723588
0
0.724311
0
0.725034
0
0.725756
0
0.726479
0
0.727202
0
0.727924
0
0.728647
0
0.72937
0
0.730093
0
0.730816
0
0.731539
0
0.732263
0
0.732986
0
0.733709
0
0.734433
0
0.735156
0
0.735879
0
0.736603
0
0.737326
0
0.73805
0
0.738774
0
0.739498
0
0.740221
0
