1000
0.238988
0.238721
0.236993
0.235303
0.233633
0.231987
0.230485
0.229008
0.227115
0.225248
0.22441
0.223582
0.222766
0.222903
0.22305
0.22321
0.22338
0.223496
0.223622
0.22352
0.223427
0.223342
0.223266
0.223198
0.223139
0.223088
0.223045
0.22301
0.222834
0.222662
0.22243
0.222201
0.221961
0.221725
0.221495
0.22127
0.22105
0.220835
0.220625
0.220421
0.220221
0.220027
0.219838
0.219655
0.219476
0.219303
0.219135
0.218972
0.218769
0.218571
0.218336
0.218106
0.217942
0.217783
0.217481
0.217183
0.216887
0.216595
0.216305
0.216058
0.215813
0.215571
0.21533
0.215092
0.214855
0.214621
0.214389
0.214159
0.213931
0.213706
0.213483
0.213262
0.213044
0.212827
0.212554
0.212284
0.210752
0.209222
0.207695
0.206171
0.204649
0.203219
0.20179
0.200362
0.198935
0.197566
0.196198
0.19476
0.193324
0.191889
0.188645
0.185423
0.18228
0.179159
0.176062
0.172988
0.17008
0.167198
0.164366
0.161562
0.158787
0.15769
0.156598
0.155513
0.154432
0.153357
0.152286
0.150868
0.14945
0.148066
0.146682
0.1453
0.143889
0.14248
0.141074
0.13967
0.138334
0.137001
0.135715
0.134429
0.133188
0.131948
0.130708
0.129384
0.128066
0.126695
0.125331
0.123975
0.122628
0.122313
0.122003
0.122901
0.123803
0.124708
0.125498
0.126294
0.128446
0.13061
0.132784
0.134967
0.136285
0.137612
0.139185
0.140784
0.142405
0.144117
0.145841
0.147647
0.149468
0.151303
0.153151
0.156161
0.159184
0.162286
0.165407
0.168545
0.171638
0.174739
0.177856
0.180982
0.184118
0.187262
0.189149
0.191044
0.192704
0.194366
0.19603
0.1974
0.198774
0.200151
0.201531
0.202836
0.204144
0.205455
0.20677
0.20838
0.210001
0.211634
0.213392
0.215161
0.216943
0.218736
0.220618
0.22251
0.22574
0.22898
0.231724
0.234468
0.237213
0.239836
0.24246
0.245085
0.247711
0.250338
0.252966
0.255612
0.25826
0.261343
0.264462
0.267617
0.270653
0.273716
0.276807
0.279923
0.282988
0.286077
0.289188
0.292322
0.294702
0.297084
0.299466
0.301849
0.304233
0.306484
0.308739
0.310996
0.313255
0.315517
0.317782
0.320721
0.32371
0.326744
0.329423
0.332137
0.334831
0.337558
0.340194
0.342861
0.345559
0.348285
0.351013
0.353779
0.35658
0.359179
0.361808
0.363205
0.36463
0.366134
0.367663
0.369217
0.370793
0.372379
0.373982
0.375601
0.375506
0.375425
0.375411
0.375412
0.37563
0.375862
0.376103
0.376358
0.37628
0.376214
0.376161
0.375823
0.375498
0.376465
0.377442
0.378972
0.380512
0.382051
0.383601
0.384152
0.384713
0.385284
0.385587
0.385903
0.386244
0.386595
0.387442
0.388311
0.389154
0.390021
0.390976
0.391956
0.392961
0.396859
0.40077
0.404693
0.408627
0.411703
0.414782
0.416624
0.418469
0.421408
0.424351
0.427296
0.42847
0.429651
0.430453
0.431262
0.432172
0.433088
0.433847
0.434609
0.435228
0.43585
0.436476
0.436823
0.437174
0.437876
0.438584
0.439982
0.441407
0.44282
0.444258
0.445925
0.447617
0.449332
0.45296
0.4566
0.460252
0.463913
0.467473
0.471049
0.47464
0.478245
0.481919
0.485607
0.489306
0.490238
0.491193
0.49217
0.493169
0.49419
0.495233
0.496297
0.497383
0.49849
0.499617
0.500765
0.501631
0.502516
0.502612
0.502727
0.50286
0.50301
0.503179
0.503365
0.503569
0.50379
0.504028
0.502758
0.501512
0.500199
0.498912
0.497651
0.496415
0.495206
0.494022
0.492488
0.490969
0.489467
0.48798
0.48651
0.48599
0.485489
0.485008
0.484546
0.484308
0.484095
0.483904
0.483738
0.483596
0.483289
0.483002
0.481606
0.48023
0.478873
0.477537
0.476308
0.475101
0.473915
0.472751
0.471609
0.472349
0.473149
0.47401
0.474932
0.475912
0.476951
0.478672
0.480446
0.482273
0.484151
0.486078
0.488052
0.490072
0.492135
0.494239
0.495218
0.496231
0.497236
0.498265
0.498356
0.498447
0.498539
0.498297
0.498055
0.497604
0.497153
0.496462
0.495774
0.495089
0.494407
0.494684
0.494988
0.495316
0.495324
0.495353
0.495692
0.49605
0.496516
0.496997
0.497492
0.498001
0.498494
0.498995
0.499505
0.500023
0.500549
0.500669
0.500799
0.500998
0.501206
0.501423
0.499301
0.498259
0.495083
0.494047
0.490666
0.48729
0.484386
0.481486
0.478657
0.475834
0.473017
0.470207
0.467406
0.464613
0.461831
0.461524
0.461218
0.460513
0.459814
0.459196
0.458586
0.457982
0.457385
0.456883
0.456387
0.455899
0.453713
0.451536
0.449794
0.448056
0.446324
0.444598
0.442881
0.441173
0.439758
0.438356
0.43697
0.435336
0.433734
0.432172
0.430654
0.430274
0.429979
0.429908
0.429933
0.430031
0.430158
0.430311
0.432141
0.434076
0.437037
0.440089
0.44322
0.446423
0.449686
0.453003
0.45544
0.457283
0.459801
0.460063
0.460329
0.460588
0.460852
0.46112
0.461393
0.461282
0.461174
0.461023
0.460878
0.460741
0.460467
0.460196
0.459928
0.459662
0.459365
0.459071
0.459289
0.459513
0.459742
0.459975
0.460212
0.460335
0.460461
0.460562
0.460665
0.460726
0.46079
0.460857
0.460927
0.461
0.461076
0.461156
0.46136
0.46157
0.461823
0.462081
0.462343
0.462609
0.461831
0.461062
0.460302
0.45955
0.458807
0.458073
0.457347
0.456632
0.455925
0.455172
0.454428
0.453609
0.452798
0.451986
0.451182
0.450385
0.449597
0.448817
0.448045
0.447281
0.446526
0.445779
0.445041
0.444311
0.443569
0.442837
0.442115
0.441403
0.440701
0.439632
0.438577
0.437536
0.436509
0.435498
0.4345
0.433527
0.432567
0.431621
0.435901
0.4402
0.444514
0.448839
0.453119
0.45741
0.461708
0.466015
0.470304
0.474599
0.478899
0.483147
0.487401
0.49166
0.495924
0.499821
0.503742
0.507428
0.510457
0.514184
0.517252
0.521017
0.524039
0.527762
0.530825
0.534587
0.537602
0.541317
0.544369
0.548119
0.551236
0.555051
0.5582
0.562047
0.565226
0.568187
0.571162
0.574126
0.577097
0.580166
0.583242
0.586189
0.589143
0.592103
0.594974
0.597851
0.600734
0.603624
0.606348
0.60908
0.611727
0.614381
0.617202
0.620033
0.622875
0.621071
0.619282
0.617511
0.615756
0.614018
0.612297
0.610593
0.608905
0.607236
0.605583
0.603948
0.601864
0.599795
0.59869
0.597601
0.596347
0.595122
0.593925
0.592758
0.591622
0.590515
0.589437
0.58839
0.587374
0.585316
0.583288
0.581289
0.579321
0.57704
0.574788
0.572501
0.570247
0.568026
0.565839
0.563685
0.561566
0.559482
0.557433
0.55542
0.553441
0.551499
0.549611
0.547755
0.545932
0.544143
0.542387
0.541927
0.5415
0.541106
0.540746
0.540418
0.540124
0.539862
0.539635
0.53944
0.539019
0.538628
0.538268
0.537939
0.537641
0.537373
0.536724
0.536098
0.535493
0.53491
0.534349
0.533808
0.533289
0.532791
0.532314
0.531857
0.531421
0.531625
0.53186
0.532124
0.532418
0.532742
0.533096
0.533478
0.53389
0.53433
0.534559
0.534825
0.534517
0.534235
0.533977
0.533743
0.533534
0.533349
0.533187
0.5327
0.53224
0.531807
0.531401
0.531846
0.532328
0.532558
0.532833
0.533154
0.533246
0.533381
0.533475
0.533612
0.533908
0.534234
0.534837
0.535467
0.536051
0.536663
0.537303
0.537972
0.53867
0.538593
0.538545
0.53839
0.538277
0.53701
0.535781
0.534657
0.533568
0.532516
0.5315
0.53052
0.529234
0.527977
0.526748
0.525548
0.525581
0.525645
0.525788
0.525959
0.526157
0.526382
0.526634
0.526899
0.527191
0.527355
0.527535
0.526472
0.525424
0.523923
0.522448
0.520999
0.519577
0.518182
0.516816
0.515479
0.513216
0.510983
0.508779
0.506604
0.504374
0.502176
0.500009
0.497875
0.495773
0.493723
0.491708
0.489591
0.48751
0.485417
0.483358
0.480978
0.478639
0.476339
0.474081
0.471864
0.469726
0.467631
0.465487
0.463388
0.461306
0.459264
0.457437
0.455647
0.453896
0.452184
0.450511
0.448995
0.447522
0.446304
0.445127
0.44399
0.442894
0.441839
0.440824
0.439849
0.438558
0.437305
0.436172
0.435079
0.433792
0.432548
0.431347
0.43019
0.429129
0.428109
0.42713
0.426193
0.425297
0.424907
0.424558
0.424874
0.425227
0.425659
0.426126
0.426658
0.427224
0.427823
0.428455
0.42912
0.429972
0.430854
0.432611
0.434399
0.436324
0.438278
0.440267
0.442283
0.444324
0.44639
0.448481
0.450597
0.452736
0.454867
0.45702
0.45926
0.461522
0.463805
0.466107
0.468429
0.470771
0.473131
0.475592
0.478067
0.479693
0.481331
0.482982
0.484646
0.484976
0.485326
0.485697
0.486088
0.486498
0.486929
0.48738
0.487399
0.487448
0.487679
0.487939
0.488229
0.488549
0.488898
0.489276
0.489684
0.489167
0.488674
0.488205
0.48776
0.48734
0.486944
0.486443
0.485965
0.485508
0.485073
0.48466
0.484361
0.484084
0.484521
0.484985
0.485476
0.485993
0.4874
0.488837
0.490303
0.492109
0.49394
0.495796
0.497677
0.498688
0.499717
0.501566
0.503432
0.505391
0.507367
0.509358
0.511364
0.513384
0.51542
0.517469
0.520534
0.523616
0.526865
0.530139
0.533438
0.536761
0.540107
0.54373
0.547372
0.551033
0.554713
0.558411
0.562126
0.565859
0.569609
0.572129
0.574663
0.577211
0.579975
0.58275
0.585443
0.588147
0.590861
0.593585
0.596319
0.599062
0.603126
0.607199
0.611282
0.611984
0.612703
0.614063
0.615438
0.616827
0.618229
0.619646
0.621077
0.622521
0.623978
0.625448
0.626597
0.627759
0.628934
0.630121
0.631559
0.633013
0.634039
0.63508
0.636078
0.637091
0.638118
0.638841
0.639577
0.640326
0.641089
0.641866
0.642655
0.643546
0.644451
0.645426
0.646413
0.647413
0.648425
0.649449
0.650425
0.651415
0.652396
0.65339
0.654482
0.655588
0.656782
0.657993
0.659221
0.660788
0.662373
0.663975
0.665594
0.667203
0.668829
0.670472
0.672133
0.673811
0.675506
0.677217
0.678946
0.68069
0.682361
0.684041
0.685697
0.687363
0.689039
0.690726
