10000
0.238988
0.238721
0.236993
0.235303
0.233633
0.231987
0.230485
0.229008
0.227115
0.225248
0.22441
0.223582
0.222766
0.222903
0.22305
0.22321
0.22338
0.223496
0.223622
0.22352
0.223427
0.223342
0.223266
0.223198
0.223139
0.223088
0.223045
0.22301
0.222834
0.222662
0.22243
0.222201
0.221961
0.221725
0.221495
0.22127
0.22105
0.220835
0.220625
0.220421
0.220221
0.220027
0.219838
0.219655
0.219476
0.219303
0.219135
0.218972
0.218769
0.218571
0.218336
0.218106
0.217942
0.217783
0.217481
0.217183
0.216887
0.216595
0.216305
0.216058
0.215813
0.215571
0.21533
0.215092
0.214855
0.214621
0.214389
0.214159
0.213931
0.213706
0.213483
0.213262
0.213044
0.212827
0.212554
0.212284
0.210752
0.209222
0.207695
0.206171
0.204649
0.203219
0.20179
0.200362
0.198935
0.197566
0.196198
0.19476
0.193324
0.191889
0.188645
0.185423
0.18228
0.179159
0.176062
0.172988
0.17008
0.167198
0.164366
0.161562
0.158787
0.15769
0.156598
0.155513
0.154432
0.153357
0.152286
0.150868
0.14945
0.148066
0.146682
0.1453
0.143889
0.14248
0.141074
0.13967
0.138334
0.137001
0.135715
0.134429
0.133188
0.131948
0.130708
0.129384
0.128066
0.126695
0.125331
0.123975
0.122628
0.122313
0.122003
0.122901
0.123803
0.124708
0.125498
0.126294
0.128446
0.13061
0.132784
0.134967
0.136285
0.137612
0.139185
0.140784
0.142405
0.144117
0.145841
0.147647
0.149468
0.151303
0.153151
0.156161
0.159184
0.162286
0.165407
0.168545
0.171638
0.174739
0.177856
0.180982
0.184118
0.187262
0.189149
0.191044
0.192704
0.194366
0.19603
0.1974
0.198774
0.200151
0.201531
0.202836
0.204144
0.205455
0.20677
0.20838
0.210001
0.211634
0.213392
0.215161
0.216943
0.218736
0.220618
0.22251
0.22574
0.22898
0.231724
0.234468
0.237213
0.239836
0.24246
0.245085
0.247711
0.250338
0.252966
0.255612
0.25826
0.261343
0.264462
0.267617
0.270653
0.273716
0.276807
0.279923
0.282988
0.286077
0.289188
0.292322
0.294702
0.297084
0.299466
0.301849
0.304233
0.306484
0.308739
0.310996
0.313255
0.315517
0.317782
0.320721
0.32371
0.326744
0.329423
0.332137
0.334831
0.337558
0.340194
0.342861
0.345559
0.348285
0.351013
0.353779
0.35658
0.359179
0.361808
0.363205
0.36463
0.366134
0.367663
0.369217
0.370793
0.372379
0.373982
0.375601
0.375506
0.375425
0.375411
0.375412
0.37563
0.375862
0.376103
0.376358
0.37628
0.376214
0.376161
0.375823
0.375498
0.376465
0.377442
0.378972
0.380512
0.382051
0.383601
0.384152
0.384713
0.385284
0.385587
0.385903
0.386244
0.386595
0.387442
0.388311
0.389154
0.390021
0.390976
0.391956
0.392961
0.396859
0.40077
0.404693
0.408627
0.411703
0.414782
0.416624
0.418469
0.421408
0.424351
0.427296
0.42847
0.429651
0.430453
0.431262
0.432172
0.433088
0.433847
0.434609
0.435228
0.43585
0.436476
0.436823
0.437174
0.437876
0.438584
0.439982
0.441407
0.44282
0.444258
0.445925
0.447617
0.449332
0.45296
0.4566
0.460252
0.463913
0.467473
0.471049
0.47464
0.478245
0.481919
0.485607
0.489306
0.490238
0.491193
0.49217
0.493169
0.49419
0.495233
0.496297
0.497383
0.49849
0.499617
0.500765
0.501631
0.502516
0.502612
0.502727
0.50286
0.50301
0.503179
0.503365
0.503569
0.50379
0.504028
0.502758
0.501512
0.500199
0.498912
0.497651
0.496415
0.495206
0.494022
0.492488
0.490969
0.489467
0.48798
0.48651
0.48599
0.485489
0.485008
0.484546
0.484308
0.484095
0.483904
0.483738
0.483596
0.483289
0.483002
0.481606
0.48023
0.478873
0.477537
0.476308
0.475101
0.473915
0.472751
0.471609
0.472349
0.473149
0.47401
0.474932
0.475912
0.476951
0.478672
0.480446
0.482273
0.484151
0.486078
0.488052
0.490072
0.492135
0.494239
0.495218
0.496231
0.497236
0.498265
0.498356
0.498447
0.498539
0.498297
0.498055
0.497604
0.497153
0.496462
0.495774
0.495089
0.494407
0.494684
0.494988
0.495316
0.495324
0.495353
0.495692
0.49605
0.496516
0.496997
0.497492
0.498001
0.498494
0.498995
0.499505
0.500023
0.500549
0.500669
0.500799
0.500998
0.501206
0.501423
0.499301
0.498259
0.495083
0.494047
0.490666
0.48729
0.484386
0.481486
0.478657
0.475834
0.473017
0.470207
0.467406
0.464613
0.461831
0.461524
0.461218
0.460513
0.459814
0.459196
0.458586
0.457982
0.457385
0.456883
0.456387
0.455899
0.453713
0.451536
0.449794
0.448056
0.446324
0.444598
0.442881
0.441173
0.439758
0.438356
0.43697
0.435336
0.433734
0.432172
0.430654
0.430274
0.429979
0.429908
0.429933
0.430031
0.430158
0.430311
0.432141
0.434076
0.437037
0.440089
0.44322
0.446423
0.449686
0.453003
0.45544
0.457283
0.459801
0.460063
0.460329
0.460588
0.460852
0.46112
0.461393
0.461282
0.461174
0.461023
0.460878
0.460741
0.460467
0.460196
0.459928
0.459662
0.459365
0.459071
0.459289
0.459513
0.459742
0.459975
0.460212
0.460335
0.460461
0.460562
0.460665
0.460726
0.46079
0.460857
0.460927
0.461
0.461076
0.461156
0.46136
0.46157
0.461823
0.462081
0.462343
0.462609
0.461831
0.461062
0.460302
0.45955
0.458807
0.458073
0.457347
0.456632
0.455925
0.455172
0.454428
0.453609
0.452798
0.451986
0.451182
0.450385
0.449597
0.448817
0.448045
0.447281
0.446526
0.445779
0.445041
0.444311
0.443569
0.442837
0.442115
0.441403
0.440701
0.439632
0.438577
0.437536
0.436509
0.435498
0.4345
0.433527
0.432567
0.431621
0.435901
0.4402
0.444514
0.448839
0.453119
0.45741
0.461708
0.466015
0.470304
0.474599
0.478899
0.483147
0.487401
0.49166
0.495924
0.499821
0.503742
0.507428
0.510457
0.514184
0.517252
0.521017
0.524039
0.527762
0.530825
0.534587
0.537602
0.541317
0.544369
0.548119
0.551236
0.555051
0.5582
0.562047
0.565226
0.568187
0.571162
0.574126
0.577097
0.580166
0.583242
0.586189
0.589143
0.592103
0.594974
0.597851
0.600734
0.603624
0.606348
0.60908
0.611727
0.614381
0.617202
0.620033
0.622875
0.621071
0.619282
0.617511
0.615756
0.614018
0.612297
0.610593
0.608905
0.607236
0.605583
0.603948
0.601864
0.599795
0.59869
0.597601
0.596347
0.595122
0.593925
0.592758
0.591622
0.590515
0.589437
0.58839
0.587374
0.585316
0.583288
0.581289
0.579321
0.57704
0.574788
0.572501
0.570247
0.568026
0.565839
0.563685
0.561566
0.559482
0.557433
0.55542
0.553441
0.551499
0.549611
0.547755
0.545932
0.544143
0.542387
0.541927
0.5415
0.541106
0.540746
0.540418
0.540124
0.539862
0.539635
0.53944
0.539019
0.538628
0.538268
0.537939
0.537641
0.537373
0.536724
0.536098
0.535493
0.53491
0.534349
0.533808
0.533289
0.532791
0.532314
0.531857
0.531421
0.531625
0.53186
0.532124
0.532418
0.532742
0.533096
0.533478
0.53389
0.53433
0.534559
0.534825
0.534517
0.534235
0.533977
0.533743
0.533534
0.533349
0.533187
0.5327
0.53224
0.531807
0.531401
0.531846
0.532328
0.532558
0.532833
0.533154
0.533246
0.533381
0.533475
0.533612
0.533908
0.534234
0.534837
0.535467
0.536051
0.536663
0.537303
0.537972
0.53867
0.538593
0.538545
0.53839
0.538277
0.53701
0.535781
0.534657
0.533568
0.532516
0.5315
0.53052
0.529234
0.527977
0.526748
0.525548
0.525581
0.525645
0.525788
0.525959
0.526157
0.526382
0.526634
0.526899
0.527191
0.527355
0.527535
0.526472
0.525424
0.523923
0.522448
0.520999
0.519577
0.518182
0.516816
0.515479
0.513216
0.510983
0.508779
0.506604
0.504374
0.502176
0.500009
0.497875
0.495773
0.493723
0.491708
0.489591
0.48751
0.485417
0.483358
0.480978
0.478639
0.476339
0.474081
0.471864
0.469726
0.467631
0.465487
0.463388
0.461306
0.459264
0.457437
0.455647
0.453896
0.452184
0.450511
0.448995
0.447522
0.446304
0.445127
0.44399
0.442894
0.441839
0.440824
0.439849
0.438558
0.437305
0.436172
0.435079
0.433792
0.432548
0.431347
0.43019
0.429129
0.428109
0.42713
0.426193
0.425297
0.424907
0.424558
0.424874
0.425227
0.425659
0.426126
0.426658
0.427224
0.427823
0.428455
0.42912
0.429972
0.430854
0.432611
0.434399
0.436324
0.438278
0.440267
0.442283
0.444324
0.44639
0.448481
0.450597
0.452736
0.454867
0.45702
0.45926
0.461522
0.463805
0.466107
0.468429
0.470771
0.473131
0.475592
0.478067
0.479693
0.481331
0.482982
0.484646
0.484976
0.485326
0.485697
0.486088
0.486498
0.486929
0.48738
0.487399
0.487448
0.487679
0.487939
0.488229
0.488549
0.488898
0.489276
0.489684
0.489167
0.488674
0.488205
0.48776
0.48734
0.486944
0.486443
0.485965
0.485508
0.485073
0.48466
0.484361
0.484084
0.484521
0.484985
0.485476
0.485993
0.4874
0.488837
0.490303
0.492109
0.49394
0.495796
0.497677
0.498688
0.499717
0.501566
0.503432
0.505391
0.507367
0.509358
0.511364
0.513384
0.51542
0.517469
0.520534
0.523616
0.526865
0.530139
0.533438
0.536761
0.540107
0.54373
0.547372
0.551033
0.554713
0.558411
0.562126
0.565859
0.569609
0.572129
0.574663
0.577211
0.579975
0.58275
0.585443
0.588147
0.590861
0.593585
0.596319
0.599062
0.603126
0.607199
0.611282
0.611984
0.612703
0.614063
0.615438
0.616827
0.618229
0.619646
0.621077
0.622521
0.623978
0.625448
0.626597
0.627759
0.628934
0.630121
0.631559
0.633013
0.634039
0.63508
0.636078
0.637091
0.638118
0.638841
0.639577
0.640326
0.641089
0.641866
0.642655
0.643546
0.644451
0.645426
0.646413
0.647413
0.648425
0.649449
0.650425
0.651415
0.652396
0.65339
0.654482
0.655588
0.656782
0.657993
0.659221
0.660788
0.662373
0.663975
0.665594
0.667203
0.668829
0.670472
0.672133
0.673811
0.675506
0.677217
0.678946
0.68069
0.682361
0.684041
0.685697
0.687363
0.689039
0.690726
0.692422
0.694129
0.695845
0.697572
0.699308
0.700904
0.702511
0.704087
0.705675
0.707272
0.70888
0.710472
0.712075
0.71369
0.714976
0.716272
0.71777
0.719285
0.720817
0.722366
0.724085
0.72582
0.727572
0.72934
0.731125
0.73228
0.733449
0.734188
0.734934
0.735739
0.736548
0.737537
0.738534
0.739513
0.740502
0.741501
0.74251
0.743529
0.745003
0.746493
0.747779
0.749079
0.75044
0.751814
0.753225
0.754647
0.756081
0.757527
0.758985
0.759843
0.760706
0.761574
0.762448
0.763329
0.764215
0.765025
0.765837
0.766651
0.767468
0.768286
0.769718
0.771158
0.772605
0.774061
0.775212
0.77637
0.777533
0.778703
0.779878
0.78106
0.782247
0.783042
0.783837
0.784633
0.785429
0.786225
0.787022
0.787819
0.788616
0.789414
0.790211
0.791009
0.791345
0.79168
0.792134
0.792588
0.793042
0.793497
0.793995
0.794494
0.794994
0.795494
0.795995
0.79687
0.797745
0.798724
0.799706
0.800688
0.801673
0.802659
0.803647
0.804636
0.805627
0.80662
0.807333
0.808048
0.808765
0.809483
0.810122
0.810762
0.811405
0.812048
0.812694
0.81334
0.813989
0.814732
0.815477
0.815728
0.816404
0.816657
0.817336
0.817593
0.818275
0.818534
0.819219
0.819482
0.819675
0.819869
0.820084
0.820302
0.820521
0.820743
0.82105
0.82136
0.821675
0.821668
0.821665
0.821665
0.821668
0.821674
0.821684
0.822056
0.822433
0.822813
0.823197
0.823585
0.823976
0.824372
0.824771
0.82431
0.824416
0.823961
0.824073
0.823625
0.822648
0.82111
0.820136
0.818573
0.816371
0.814811
0.812611
0.811052
0.808854
0.807228
0.805059
0.803436
0.801269
0.799649
0.797484
0.795866
0.793704
0.792089
0.789882
0.787018
0.783856
0.780707
0.777194
0.773698
0.77022
0.766761
0.76332
0.760161
0.75703
0.753927
0.750853
0.747808
0.744791
0.741805
0.738848
0.735921
0.733368
0.730846
0.728126
0.72543
0.722759
0.720111
0.717489
0.714891
0.712319
0.709773
0.707252
0.705115
0.703004
0.700922
0.698869
0.696844
0.694848
0.692881
0.690944
0.688998
0.687081
0.685194
0.684042
0.682919
0.682139
0.681389
0.680754
0.68015
0.6803
0.680481
0.68074
0.681032
0.681358
0.682044
0.682763
0.683513
0.684296
0.685022
0.685779
0.686568
0.687387
0.688237
0.689119
0.690031
0.690974
0.691948
0.692953
0.693989
0.69584
0.69772
0.699698
0.701703
0.703735
0.705793
0.707877
0.705965
0.704069
0.702191
0.70033
0.698545
0.696777
0.694804
0.69285
0.690916
0.689002
0.687108
0.684998
0.682906
0.680376
0.677868
0.675426
0.673007
0.670612
0.668239
0.66589
0.663566
0.661265
0.65899
0.656741
0.654517
0.65232
0.649854
0.647418
0.645015
0.642643
0.640391
0.638172
0.635989
0.63384
0.631728
0.630652
0.629616
0.628621
0.627667
0.626676
0.625728
0.624732
0.623778
0.622868
0.622002
0.621181
0.620405
0.619674
0.61811
0.616594
0.614173
0.611801
0.60957
0.607389
0.605258
0.602885
0.600559
0.59828
0.596049
0.593867
0.591734
0.58965
0.587617
0.585634
0.583702
0.581822
0.580306
0.578846
0.577442
0.576093
0.574638
0.573238
0.571821
0.570309
0.568007
0.566594
0.564379
0.562301
0.560267
0.558279
0.556335
0.554361
0.552431
0.550622
0.548859
0.547381
0.545939
0.544535
0.543465
0.542435
0.540871
0.539351
0.537955
0.536604
0.535299
0.534039
0.532825
0.531657
0.530534
0.529458
0.528428
0.527165
0.525948
0.524693
0.523484
0.522503
0.52157
0.520685
0.519848
0.51906
0.51832
0.517629
0.51736
0.51714
0.517432
0.517774
0.518261
0.518798
0.519385
0.520022
0.520709
0.519833
0.518957
0.517806
0.516656
0.515322
0.513989
0.512657
0.511326
0.509997
0.508668
0.50734
0.506013
0.504687
0.503363
0.502039
0.500622
0.499206
0.497604
0.496003
0.494377
0.492753
0.491131
0.491949
0.492821
0.493843
0.49492
0.496053
0.497241
0.498485
0.499784
0.501138
0.502547
0.504011
0.505529
0.507103
0.50873
0.510412
0.512238
0.514118
0.51605
0.518034
0.52007
0.522158
0.524296
0.526485
0.528725
0.530831
0.532988
0.535476
0.538009
0.540899
0.543826
0.546792
0.549794
0.552832
0.552418
0.552006
0.551858
0.551712
0.551569
0.551428
0.55129
0.551154
0.551021
0.55089
0.550761
0.550635
0.550512
0.550391
0.550272
0.550156
0.550043
0.549931
0.549823
0.54975
0.549679
0.549609
0.549541
0.549473
0.549407
0.549342
0.549278
0.549216
0.549154
0.549094
0.549027
0.548962
0.548898
0.548836
0.548776
0.548791
0.548808
0.548771
0.548735
0.548701
0.548668
0.548635
0.548603
0.548572
0.548541
0.548511
0.548341
0.548179
0.548024
0.547876
0.54767
0.547471
0.54726
0.547055
0.546858
0.546669
0.546486
0.54568
0.544882
0.543326
0.541781
0.540426
0.539086
0.537783
0.536496
0.535224
0.533751
0.532293
0.530943
0.529606
0.528194
0.526797
0.525414
0.524045
0.522704
0.521377
0.520066
0.51877
0.51749
0.516133
0.51479
0.513377
0.51198
0.509456
0.506955
0.504413
0.501896
0.499406
0.496743
0.494104
0.492218
0.490351
0.488206
0.486079
0.484055
0.48205
0.480064
0.478097
0.47615
0.474223
0.472316
0.470139
0.467979
0.467094
0.466226
0.466238
0.466259
0.465929
0.465612
0.46531
0.46484
0.464382
0.463857
0.463344
0.462899
0.462465
0.461958
0.461466
0.461259
0.46106
0.460871
0.460691
0.460519
0.460435
0.46036
0.460304
0.460257
0.460219
0.460182
0.460146
0.46011
0.460076
0.460042
0.46001
0.460087
0.460171
0.460262
0.460358
0.460461
0.460571
0.460231
0.459904
0.45959
0.45949
0.459406
0.459338
0.459286
0.459251
0.459233
0.45923
0.459245
0.459276
0.459324
0.459388
0.459253
0.459131
0.458205
0.457299
0.456411
0.455544
0.454697
0.453869
0.453063
0.452277
0.451512
0.450768
0.450046
0.450202
0.45037
0.45055
0.450742
0.450993
0.451257
0.451532
0.451821
0.452122
0.452435
0.452761
0.45309
0.453433
0.45379
0.45416
0.45392
0.45371
0.452559
0.451427
0.450315
0.449223
0.448151
0.446231
0.44434
0.442481
0.440652
0.438761
0.436901
0.435493
0.434117
0.432774
0.431465
0.430189
0.428948
0.42774
0.426547
0.425388
0.424263
0.423174
0.422026
0.420914
0.419837
0.418796
0.41779
0.41682
0.415885
0.414987
0.414124
0.413298
0.412507
0.411846
0.411221
0.410632
0.410079
0.409563
0.409173
0.408818
0.407073
0.405364
0.403689
0.402049
0.400259
0.398502
0.39678
0.395092
0.393438
0.3921
0.390791
0.389483
0.388202
0.386948
0.385722
0.384522
0.383349
0.382202
0.381081
0.379986
0.378488
0.377021
0.375614
0.374238
0.372819
0.371433
0.370079
0.368756
0.367466
0.36647
0.365503
0.364949
0.364416
0.363943
0.363491
0.36306
0.362649
0.362259
0.361888
0.361538
0.362574
0.363624
0.364161
0.364719
0.36588
0.367055
0.368175
0.36931
0.369878
0.370462
0.371064
0.372443
0.373863
0.375408
0.376984
0.379236
0.381494
0.383829
0.386169
0.389489
0.392822
0.396165
0.399694
0.403232
0.406691
0.410158
0.412803
0.415464
0.418069
0.420689
0.423323
0.425969
0.428628
0.430963
0.433318
0.435779
0.438258
0.440003
0.441754
0.443511
0.445275
0.446244
0.447219
0.448201
0.44919
0.450186
0.451188
0.452196
0.453211
0.454232
0.455259
0.456292
0.45742
0.458555
0.459695
0.460674
0.461661
0.461646
0.46164
0.462702
0.463778
0.464242
0.46472
0.465957
0.467202
0.468456
0.469718
0.470987
0.472299
0.473617
0.473774
0.473933
0.473539
0.473151
0.471772
0.470402
0.469042
0.467691
0.46635
0.465018
0.463696
0.462384
0.461081
0.460384
0.459691
0.459002
0.458319
0.45764
0.456966
0.456296
0.455602
0.454913
0.454199
0.45349
0.452219
0.450959
0.449478
0.448007
0.446548
0.4451
0.443663
0.442405
0.441156
0.439917
0.438688
0.437468
0.436259
0.434994
0.43374
0.432495
0.431261
0.430037
0.428824
0.427621
0.42643
0.425249
0.424654
0.424061
0.42347
0.42288
0.422291
0.421704
0.421119
0.420598
0.420079
0.41956
0.419043
0.418528
0.418013
0.4175
0.416988
0.416478
0.415969
0.415461
0.415458
0.415457
0.415457
0.415457
0.415032
0.414608
0.414185
0.413763
0.413342
0.412922
0.412504
0.411582
0.410661
0.409742
0.408825
0.408426
0.408029
0.407569
0.407109
0.406651
0.406193
0.405737
0.405426
0.405115
0.404805
0.404496
0.404187
0.403879
0.403515
0.403151
0.402787
0.402282
0.401777
0.401274
0.400771
0.400269
0.399767
0.398503
0.397244
0.395992
0.394745
0.393505
0.389909
0.386344
0.38298
0.379649
0.376351
0.373089
0.370796
0.368546
0.366341
0.364181
0.362067
0.360312
0.358593
0.356911
0.355265
0.353657
0.352087
0.349919
0.347789
0.345634
0.343517
0.341437
0.339529
0.337652
0.335302
0.332983
0.330696
0.328443
0.326309
0.324209
0.322144
0.320114
0.318119
0.316504
0.314917
0.313426
0.311966
0.310539
0.309146
0.307272
0.305434
0.303633
0.301872
0.300151
0.298472
0.296837
0.295248
0.293705
0.292212
0.290769
0.289895
0.289072
0.288302
0.287586
0.286927
0.286325
0.285782
0.284859
0.28395
0.282893
0.281848
0.280283
0.278735
0.277203
0.27569
0.274195
0.272721
0.271269
0.269839
0.268434
0.267056
0.265707
0.264758
0.26382
0.262895
0.261982
0.261083
0.260293
0.259514
0.258747
0.257992
0.25725
0.256522
0.255808
0.255109
0.254426
0.253761
0.253114
0.252644
0.252176
0.252798
0.253471
0.254189
0.254946
0.255643
0.25637
0.257122
0.257898
0.258695
0.259509
0.260339
0.261237
0.262146
0.263235
0.264332
0.265531
0.266736
0.268032
0.269333
0.27064
0.271951
0.273267
0.274586
0.27591
0.276733
0.277564
0.278585
0.279612
0.280647
0.281689
0.282737
0.283855
0.284981
0.286115
0.287256
0.288427
0.289604
0.29087
0.292142
0.293419
0.294702
0.29599
0.297334
0.298685
0.299884
0.301088
0.302298
0.303513
0.304542
0.305713
0.307035
0.30851
0.310132
0.311892
0.313779
0.315776
0.31787
0.320066
0.32233
0.324653
0.327025
0.32944
0.33189
0.33437
0.336878
0.339408
0.342012
0.344633
0.348291
0.35196
0.355641
0.359332
0.363032
0.366739
0.370454
0.373472
0.376515
0.379582
0.382672
0.386172
0.389685
0.393212
0.39675
0.4003
0.403862
0.407435
0.411019
0.414613
0.418216
0.42183
0.424995
0.428175
0.43137
0.434579
0.437989
0.441413
0.44485
0.4483
0.451763
0.455353
0.458959
0.46258
0.466216
0.469867
0.473532
0.477304
0.481089
0.484887
0.485807
0.48676
0.486693
0.486665
0.486741
0.486838
0.486957
0.487097
0.48778
0.488478
0.489192
0.493027
0.496881
0.500667
0.504471
0.508293
0.512131
0.51499
0.517865
0.520217
0.522589
0.524982
0.527432
0.529903
0.533422
0.536955
0.540432
0.543922
0.547426
0.550944
0.554383
0.557834
0.561299
0.561362
0.56143
0.561504
0.561584
0.561671
0.561764
0.561864
0.56197
0.562175
0.562388
0.562608
0.566164
0.569735
0.572018
0.574319
0.576636
0.578971
0.582351
0.585752
0.589172
0.592612
0.59607
0.597577
0.599097
0.600631
0.602179
0.603741
0.605317
0.606907
0.608511
0.610129
0.611761
0.613408
0.614753
0.616112
0.617485
0.618871
0.62027
0.621683
0.62311
0.624551
0.626005
0.627474
0.628956
0.630453
0.631964
0.63462
0.637281
0.639286
0.639438
0.641465
0.64164
0.643667
0.643844
0.64587
0.645664
0.645475
0.645301
0.645144
0.645002
0.644875
0.644751
0.644644
0.644554
0.644481
0.644425
0.644227
0.644034
0.643767
0.643505
0.643247
0.642993
0.642748
0.642506
0.64218
0.641857
0.641537
0.641639
0.641743
0.641793
0.641844
0.641896
0.641948
0.642
0.642054
0.642195
0.642338
0.64248
0.643809
0.645164
0.646595
0.64805
0.649454
0.650883
0.652335
0.653812
0.655313
0.656837
0.658384
0.6587
0.659017
0.658208
0.6574
0.656592
0.655784
0.654977
0.65417
0.653278
0.652386
0.651494
0.652171
0.652877
0.653869
0.654891
0.655944
0.657029
0.658145
0.659292
0.66047
0.661679
0.662919
0.664191
0.665493
0.666344
0.667222
0.668125
0.669055
0.669259
0.66949
0.669747
0.67003
0.67034
0.670676
0.67104
0.671499
0.671987
0.671299
0.670637
0.670001
0.669392
0.668809
0.668253
0.667723
0.66722
0.666744
0.667449
0.668171
0.668866
0.669577
0.669547
0.669537
0.66962
0.669722
0.669843
0.66901
0.668195
0.667347
0.666516
0.665752
0.665008
0.664282
0.663575
0.662888
0.662219
0.661571
0.662539
0.663527
0.664489
0.665471
0.666331
0.667207
0.668098
0.669005
0.669928
0.670867
0.671822
0.672793
0.673779
0.674782
0.675801
0.676836
0.677887
0.679838
0.681806
0.683791
0.685792
0.68781
0.689845
0.691896
0.693964
0.696049
0.699209
0.70239
0.705582
0.70879
0.711921
0.715074
0.71825
0.717618
0.716992
0.715293
0.7136
0.711912
0.710231
0.708638
0.707052
0.705473
0.703899
0.702331
0.700623
0.69892
0.697222
0.695529
0.69263
0.689734
0.686841
0.68395
0.681061
0.678175
0.675291
0.67241
0.669532
0.667675
0.66582
0.663968
0.662118
0.66027
0.658426
0.655961
0.653499
0.651041
0.648398
0.645758
0.643164
0.640573
0.638021
0.635473
0.632929
0.630389
0.627853
0.625321
0.622793
0.620232
0.617675
0.615067
0.612463
0.609823
0.607188
0.604555
0.601925
0.599299
0.596676
0.594057
0.591441
0.588828
0.58593
0.583037
0.581574
0.580115
0.578662
0.577214
0.575771
0.574334
0.572901
0.571469
0.570041
0.567895
0.565753
0.563633
0.561518
0.559407
0.5573
0.554851
0.552406
0.549966
0.547935
0.54591
0.543893
0.541882
0.539878
0.53788
0.534698
0.531519
0.52851
0.525503
0.5225
0.519082
0.515672
0.512271
0.50888
0.505498
0.502125
0.498763
0.495411
0.491615
0.48783
0.484054
0.480834
0.477618
0.475438
0.473262
0.471091
0.468925
0.466763
0.464606
0.462429
0.460258
0.458091
0.458406
0.458733
0.457931
0.457136
0.456349
0.455571
0.4548
0.454037
0.453821
0.453612
0.45341
0.452514
0.451626
0.450743
0.449867
0.44896
0.448059
0.447425
0.446792
0.446071
0.445353
0.444635
0.444619
0.444604
0.444514
0.444426
0.444338
0.444253
0.444168
0.444085
0.444092
0.444101
0.444111
0.444122
0.444135
0.444225
0.444316
0.444408
0.444502
0.444613
0.44476
0.444855
0.444988
0.445161
0.444307
0.443492
0.443857
0.444266
0.444272
0.444341
0.444153
0.443985
0.443838
0.443711
0.443605
0.444586
0.445585
0.446575
0.44759
0.44863
0.449696
0.450786
0.4519
0.453039
0.454202
0.455389
0.456259
0.457155
0.458076
0.459022
0.459908
0.46082
0.462542
0.464359
0.466268
0.468267
0.470351
0.472516
0.47476
0.477077
0.479464
0.481829
0.484257
0.486745
0.489287
0.491883
0.494527
0.497218
0.499952
0.502728
0.505443
0.508199
0.510134
0.512104
0.514106
0.516139
0.518383
0.520656
0.522956
0.523524
0.524108
0.524707
0.525321
0.52595
0.526594
0.527252
0.527926
0.528802
0.529692
0.530596
0.531515
0.532448
0.532806
0.533189
0.534908
0.536655
0.538432
0.540238
0.54248
0.544739
0.547015
0.548613
0.550229
0.551952
0.553692
0.555448
0.557221
0.559067
0.56093
0.562438
0.563961
0.5655
0.567053
0.568622
0.570205
0.571804
0.573328
0.574871
0.575869
0.576885
0.577918
0.578969
0.580037
0.58013
0.58024
0.579302
0.578375
0.576696
0.575034
0.574051
0.573086
0.572138
0.571208
0.570297
0.569403
0.568529
0.568841
0.569177
0.569536
0.569918
0.569856
0.569838
0.57024
0.570688
0.571183
0.574074
0.577019
0.578793
0.580617
0.582489
0.58441
0.586378
0.588391
0.590074
0.591802
0.593572
0.595347
0.597134
0.598931
0.60074
0.603036
0.605342
0.607501
0.60967
0.611851
0.614042
0.616243
0.618455
0.620677
0.622942
0.625216
0.627173
0.629147
0.631139
0.633148
0.635174
0.637217
0.639277
0.641058
0.642857
0.644644
0.646448
0.648091
0.649753
0.651432
0.65313
0.654845
0.656579
0.658329
0.659786
0.661261
0.662925
0.664605
0.666116
0.667643
0.668919
0.670213
0.671522
0.672848
0.67419
0.676374
0.67857
0.680778
0.682997
0.68504
0.687093
0.689064
0.691046
0.693314
0.695591
0.697876
0.700168
0.702468
0.705448
0.708436
0.71143
0.714432
0.718137
0.72185
0.725572
0.729303
0.733041
0.737262
0.741485
0.745805
0.750128
0.754361
0.758597
0.762836
0.767078
0.771323
0.775571
0.779821
0.784075
0.788331
0.792042
0.795754
0.798874
0.801994
0.805116
0.808237
0.811329
0.814422
0.817516
0.820612
0.82371
0.826809
0.82991
0.833012
0.836116
0.838209
0.840308
0.841167
0.842032
0.842904
0.839319
0.835756
0.832936
0.830139
0.827363
0.82461
0.82179
0.818992
0.816216
0.813461
0.810729
0.80775
0.804792
0.802007
0.799234
0.796472
0.793721
0.790982
0.788255
0.78554
0.782837
0.780146
0.777468
0.774802
0.772199
0.769609
0.767032
0.764469
0.761919
0.759384
0.756862
0.754354
0.751861
0.749382
0.746917
0.744308
0.741722
0.739159
0.73662
0.734106
0.731615
0.729147
0.726704
0.724285
0.722174
0.720088
0.718056
0.71604
0.714068
0.712112
0.709896
0.707695
0.705511
0.703342
0.70119
0.699054
0.696934
0.694877
0.692844
0.690871
0.688922
0.686996
0.685094
0.683215
0.68136
0.679529
0.677431
0.675357
0.673127
0.670914
0.668719
0.666541
0.664474
0.662425
0.660468
0.658533
0.65662
0.657208
0.657817
0.658194
0.658593
0.659014
0.659455
0.659824
0.660214
0.660625
0.661058
0.661511
0.658951
0.656413
0.652983
0.649575
0.646189
0.642826
0.639485
0.636167
0.632872
0.6296
0.626352
0.626361
0.626389
0.627058
0.627747
0.628455
0.629182
0.630189
0.631213
0.632255
0.633315
0.634392
0.635487
0.6366
0.637731
0.638879
0.640081
0.6413
0.641344
0.641401
0.641472
0.641555
0.641652
0.641762
0.641885
0.642022
0.642172
0.642335
0.642512
0.642703
0.642907
0.643125
0.643356
0.643602
0.644069
0.644549
0.645042
0.645548
0.646102
0.646668
0.647246
0.647836
0.648186
0.648546
0.648917
0.646994
0.645084
0.643188
0.641308
0.639442
0.637591
0.635756
0.633937
0.632216
0.630512
0.628825
0.627499
0.626191
0.624902
0.623633
0.622414
0.621214
0.620486
0.619785
0.619111
0.618464
0.617845
0.616911
0.616006
0.615131
0.614286
0.613965
0.613667
0.613763
0.613882
0.614023
0.614187
0.614373
0.614581
0.614811
0.615063
0.615337
0.616613
0.617924
0.619271
0.620651
0.622065
0.623511
0.624988
0.626496
0.628035
0.629509
0.631011
0.632542
0.634101
0.634693
0.635304
0.635934
0.636581
0.637246
0.637584
0.63794
0.637671
0.637421
0.63719
0.636977
0.636783
0.636607
0.63645
0.63631
0.636188
0.636084
0.635997
0.636194
0.636414
0.636656
0.636919
0.637963
0.639037
0.640142
0.641279
0.642445
0.641534
0.640653
0.639802
0.638983
0.63704
0.635128
0.632426
0.629743
0.627171
0.624619
0.622086
0.619572
0.617078
0.614604
0.612149
0.609714
0.6073
0.604905
0.602531
0.600177
0.597844
0.595531
0.596965
0.598407
0.599887
0.601373
0.602867
0.604367
0.606902
0.609445
0.611993
0.614548
0.617109
0.615312
0.613536
0.611812
0.610117
0.608338
0.606587
0.604865
0.603171
0.60142
0.599699
0.598006
0.599638
0.601297
0.603072
0.604876
0.606937
0.609018
0.611119
0.61324
0.61538
0.61754
0.619719
0.621917
0.624133
0.626152
0.62818
0.631308
0.634448
0.6376
0.640763
0.643938
0.647124
0.65032
0.653526
0.656743
0.659969
0.663204
0.666449
0.669703
0.672936
0.676177
0.679502
0.682834
0.686173
0.685366
0.684566
0.683773
0.682986
0.682207
0.681435
0.680669
0.67991
0.679159
0.678414
0.677677
0.676946
0.676222
0.675593
0.674971
0.674356
0.673749
0.673148
0.672554
0.671968
0.671389
0.670816
0.670251
0.669693
0.66862
0.667555
0.666498
0.66545
0.664328
0.663215
0.661706
0.660208
0.658721
0.65752
0.65633
0.655151
0.653983
0.652874
0.651776
0.65069
0.649615
0.648459
0.647314
0.646182
0.649351
0.652527
0.655709
0.658898
0.662093
0.665295
0.668503
0.671717
0.674937
0.678164
0.681396
0.684634
0.687878
0.691128
0.694383
0.697644
0.70091
0.703177
0.705448
0.706843
0.708242
0.709644
0.711049
0.712457
0.713894
0.715335
0.716819
0.718305
0.719673
0.721042
0.722396
0.723752
0.72511
0.726106
0.727107
0.728151
0.729201
0.730257
0.731317
0.732383
0.733453
0.734529
0.735609
0.736695
0.737598
0.738507
0.739421
0.740342
0.741269
0.742201
0.743139
0.744083
0.745027
0.745977
0.746932
0.748338
0.749746
0.751705
0.753669
0.755637
0.757609
0.759595
0.761584
0.763576
0.76557
0.767568
0.767036
0.766523
0.76603
0.765557
0.765102
0.764668
0.764252
0.763857
0.763481
0.763124
0.762787
0.760409
0.758048
0.755798
0.753565
0.750354
0.74717
0.744055
0.740968
0.737909
0.734879
0.731878
0.728906
0.725965
0.72296
0.719987
0.717045
0.714136
0.711258
0.708413
0.705785
0.703195
0.700643
0.698129
0.695655
0.693127
0.690639
0.688886
0.68717
0.68549
0.683848
0.682243
0.680675
0.679145
0.678361
0.677618
0.676544
0.675511
0.67468
0.673881
0.674209
0.67457
0.674966
0.675395
0.675857
0.676354
0.676884
0.677357
0.677864
0.676098
0.676093
0.674392
0.674466
0.67283
0.672983
0.671413
0.669874
0.668367
0.666986
0.665638
0.664167
0.662732
0.661334
0.659972
0.658647
0.657359
0.656109
0.654897
0.653722
0.652401
0.651118
0.650123
0.649154
0.648213
0.647299
0.646413
0.645555
0.644724
0.643922
0.643149
0.642313
0.641506
0.640318
0.639173
0.638071
0.637012
0.635912
0.634856
0.633843
0.632874
0.631949
0.631442
0.63098
0.630385
0.629837
0.629376
0.62896
0.628592
0.62827
0.627996
0.62777
0.627591
0.62746
0.627377
0.627343
0.627357
0.626521
0.625739
0.625724
0.625762
0.625853
0.625996
0.626191
0.626519
0.626899
0.62733
0.627812
0.627783
0.6278
0.627862
0.62797
0.628123
0.628321
0.628564
0.628979
0.629436
0.629858
0.630323
0.631605
0.632934
0.63431
0.635734
0.637204
0.638349
0.63954
0.640775
0.642055
0.643447
0.644881
0.646356
0.647873
0.64937
0.650908
0.652488
0.654109
0.65577
0.657425
0.65912
0.660799
0.662519
0.664095
0.665713
0.667373
0.669074
0.670815
0.672973
0.67517
0.677407
0.679682
0.681938
0.684234
0.686568
0.688942
0.691404
0.693903
0.696438
0.698635
0.700869
0.703199
0.705562
0.708045
0.710558
0.71369
0.716845
0.720081
0.723337
0.726613
0.727479
0.728357
0.729247
0.73015
0.731064
0.73199
0.732937
0.733894
0.73487
0.735856
0.736851
0.737587
0.73833
0.73908
0.739836
0.740599
0.741369
0.742156
0.74295
0.743744
0.744545
0.745351
0.747082
0.748823
0.750554
0.752295
0.754052
0.755818
0.75758
0.75935
0.760367
0.7614
0.76245
0.763516
0.764598
0.764886
0.765199
0.765523
0.765875
0.766254
0.766661
0.765942
0.76604
0.765383
0.763853
0.761559
0.760755
0.759183
0.758378
0.756808
0.755071
0.753344
0.75231
0.75128
0.750253
0.749229
0.748209
0.745878
0.743551
0.740992
0.738442
0.735899
0.733326
0.729539
0.725762
0.721999
0.718075
0.714164
0.710261
0.706371
0.702421
0.698484
0.694223
0.689974
0.686103
0.682245
0.678402
0.67834
0.678302
0.678288
0.678298
0.678008
0.677745
0.677947
0.678173
0.679139
0.680117
0.681107
0.677969
0.674843
0.671729
0.668627
0.664536
0.660452
0.65592
0.65139
0.646864
0.642341
0.637821
0.633305
0.628792
0.624242
0.619696
0.615152
0.610612
0.606076
0.601543
0.597014
0.592489
0.587968
0.583437
0.57891
0.574432
0.569958
0.565559
0.561167
0.556782
0.552405
0.547969
0.543543
0.539125
0.539367
0.539618
0.539877
0.540145
0.540422
0.540708
0.541002
0.541306
0.540625
0.539961
0.539312
0.538681
0.538065
0.537466
0.536883
0.536265
0.535662
0.535487
0.535325
0.535174
0.535035
0.534908
0.534793
0.53469
0.534599
0.53452
0.53451
0.534512
0.535166
0.535833
0.536512
0.537204
0.537909
0.538626
0.539356
0.540098
0.540852
0.541619
0.542399
0.543191
0.543995
0.544811
0.54564
0.54648
0.547333
0.548198
0.549075
0.549964
0.550797
0.551641
0.552408
0.553186
0.553975
0.554775
0.555586
0.552358
0.549155
0.545977
0.542824
0.539697
0.536597
0.532595
0.528619
0.524669
0.520745
0.516849
0.51298
0.509138
0.505291
0.501473
0.497391
0.493321
0.489214
0.485122
0.481044
0.476981
0.472934
0.468902
0.464886
0.460886
0.456902
0.452935
0.448984
0.44505
0.441134
0.437328
0.433541
0.429771
0.425525
0.421293
0.417105
0.412933
0.408777
0.404637
0.400514
0.396408
0.392504
0.388616
0.384745
0.381934
0.379343
0.376577
0.374033
0.371326
0.368841
0.36619
0.36376
0.360978
0.35822
0.355487
0.355614
0.355749
0.356069
0.3564
0.35674
0.35709
0.357466
0.357852
0.35816
0.358476
0.358802
0.358871
0.358961
0.35907
0.359199
0.359348
0.359516
0.359705
0.359913
0.359983
0.360073
0.360182
0.360311
0.360459
0.360626
0.360813
0.362214
0.36364
0.365159
0.366701
0.369352
0.372025
0.37472
0.377318
0.37994
0.382766
0.385617
0.388491
0.391388
0.394361
0.397355
0.399285
0.401235
0.403204
0.405347
0.407497
0.409045
0.410598
0.410843
0.411093
0.411414
0.41174
0.412002
0.41227
0.412542
0.41282
0.413103
0.413392
0.413685
0.415249
0.41682
0.418328
0.419841
0.421298
0.422759
0.424225
0.42544
0.426658
0.42788
0.429105
0.428948
0.428793
0.428641
0.428492
0.428346
0.428202
0.428061
0.428042
0.428023
0.428007
0.427991
0.427978
0.427966
0.427955
0.427947
0.42794
0.427934
0.42793
0.428
0.42807
0.428141
0.428213
0.428388
0.428564
0.428741
0.42892
0.429101
0.429283
0.429466
0.429651
0.429837
0.431096
0.432357
0.433573
0.434791
0.436011
0.437232
0.438455
0.439679
0.440905
0.442144
0.443386
0.444631
0.44588
0.448097
0.450318
0.452543
0.454771
0.457003
0.459238
0.461476
0.459791
0.458153
0.456562
0.455017
0.453678
0.452385
0.451296
0.450256
0.449208
0.448208
0.447256
0.445602
0.443997
0.441285
0.438621
0.436005
0.433439
0.431857
0.430307
0.428742
0.42721
0.425712
0.424247
0.422817
0.42213
0.421484
0.420805
0.420166
0.418612
0.417115
0.415635
0.414212
0.412845
0.411971
0.411147
0.41037
0.409642
0.408882
0.408169
0.408279
0.408413
0.408541
0.408692
0.408863
0.40974
0.41063
0.410824
0.411032
0.410112
0.409208
0.408281
0.40737
0.406474
0.405594
0.404729
0.405328
0.405939
0.407365
0.408804
0.410254
0.411717
0.41319
0.414675
0.416171
0.417677
0.419194
0.4206
0.422015
0.423255
0.424523
0.425831
0.427166
0.428554
0.429967
0.431404
0.432865
0.43435
0.435977
0.437628
0.439299
0.440993
0.442707
0.444442
0.446076
0.447725
0.449379
0.451048
0.452732
0.454519
0.456321
0.458262
0.460211
0.46217
0.464137
0.4661
0.468078
0.470079
0.472094
0.474123
0.47279
0.471461
0.470151
0.468845
0.467543
0.466246
0.464893
0.463543
0.462198
0.460856
0.459518
0.458431
0.457347
0.456089
0.454842
0.453626
0.452421
0.45108
0.44975
0.448448
0.447155
0.445872
0.445128
0.444394
0.44372
0.443055
0.442399
0.441752
0.44103
0.440317
0.439639
0.438969
0.438308
0.437383
0.436466
0.435557
0.434657
0.433813
0.432976
0.432057
0.431145
0.430273
0.429406
0.428546
0.427969
0.427399
0.426836
0.426282
0.426256
0.426236
0.42622
0.426208
0.426557
0.426904
0.427258
0.425668
0.424208
0.422797
0.421566
0.42043
0.419484
0.41864
0.41799
0.417444
0.417093
0.416843
0.416519
0.416284
0.415973
0.415793
0.414861
0.414058
0.412923
0.411922
0.411135
0.410482
0.40932
0.408659
0.40776
0.407357
0.40671
0.406644
0.406325
0.406944
0.407296
0.407196
0.406834
0.406939
0.406773
0.407065
0.406859
0.406737
0.406341
0.40603
0.405798
0.405643
0.406354
0.407104
0.407892
0.408542
0.409207
0.410655
0.412121
0.413603
0.415101
0.416617
0.418149
0.418703
0.419276
0.419868
0.420555
0.421295
0.421653
0.422125
0.422581
0.423149
0.423697
0.424353
0.424987
0.425727
0.426442
0.42726
0.42805
0.428531
0.429046
0.429737
0.430458
0.431207
0.431985
0.432882
0.433806
0.434754
0.435727
0.436722
0.437807
0.438914
0.440133
0.44137
0.442624
0.443895
0.445268
0.446656
0.448058
0.449473
0.450902
0.452418
0.453946
0.455161
0.45639
0.457632
0.458887
0.460113
0.461345
0.462582
0.463824
0.465072
0.466324
0.467581
0.468918
0.470259
0.471676
0.473098
0.474076
0.475058
0.476045
0.477035
0.47803
0.479111
0.480195
0.481514
0.482836
0.48401
0.485188
0.48681
0.488435
0.490062
0.491743
0.493426
0.495111
0.496798
0.497822
0.49885
0.498745
0.498643
0.498544
0.498447
0.498352
0.49826
0.49817
0.498083
0.497999
0.498509
0.499022
0.499718
0.500416
0.501117
0.501819
0.502524
0.503231
0.503939
0.504736
0.505534
0.505265
0.505001
0.504684
0.504372
0.502934
0.501501
0.500073
0.498651
0.497233
0.495654
0.49408
0.492429
0.490782
0.489139
0.487501
0.485867
0.484238
0.482613
0.481042
0.479476
0.477916
0.47636
0.47481
0.473265
0.471674
0.470088
0.468507
0.466931
0.46536
0.463794
0.462233
0.460605
0.458983
0.457284
0.45559
0.4539
0.452215
0.450581
0.448952
0.447328
0.445801
0.444281
0.442657
0.441042
0.439435
0.437836
0.436245
0.434663
0.433089
0.431524
0.429967
0.428419
0.42688
0.42535
0.423828
0.422316
0.420812
0.419318
0.417833
0.416413
0.415001
0.413599
0.412208
0.410826
0.409427
0.408041
0.406667
0.405307
0.404796
0.404296
0.403808
0.403332
0.402867
0.402414
0.401973
0.402064
0.402196
0.402371
0.402586
0.402843
0.40314
0.403477
0.403854
0.404269
0.404723
0.405215
0.405744
0.40631
0.406822
0.40737
0.408188
0.409037
0.409916
0.410825
0.411762
0.412727
0.413718
0.414827
0.41596
0.417393
0.418849
0.420258
0.421689
0.423203
0.424737
0.426291
0.427865
0.429458
0.431069
0.432547
0.43382
0.43533
0.43659
0.438147
0.43956
0.441273
0.44284
0.444718
0.446451
0.448481
0.450358
0.452076
0.453853
0.455616
0.457394
0.459127
0.460875
0.462637
0.464259
0.465894
0.467542
0.469202
0.470808
0.472426
0.474106
0.475797
0.477501
0.479216
0.480941
0.482444
0.483958
0.485482
0.487017
0.489419
0.491831
0.49439
0.496968
0.499565
0.50218
0.504812
0.50671
0.508623
0.510705
0.512797
0.513872
0.514956
0.515797
0.516645
0.517501
0.518366
0.519238
0.520118
0.521005
0.521905
0.522811
0.523724
0.524644
0.525496
0.526355
0.527109
0.527868
0.528633
0.529403
0.530179
0.530949
0.531723
0.533744
0.535769
0.538048
0.54034
0.54261
0.544894
0.54719
0.5495
0.551822
0.554156
0.556503
0.558862
0.561232
0.563614
0.566007
0.568372
0.570747
0.573132
0.575528
0.577933
0.580319
0.582715
0.583879
0.585053
0.585605
0.586222
0.586908
0.587662
0.588487
0.588552
0.588637
0.588741
0.588863
0.589071
0.589294
0.589758
0.590234
0.590719
0.591213
0.591717
0.592229
0.592751
0.593281
0.59382
0.594368
0.594924
0.59549
0.596064
0.596646
0.597237
0.597838
0.598446
0.599064
0.59969
0.600325
0.600936
0.601556
0.6018
0.602055
0.602672
0.603313
0.603978
0.602193
0.600417
0.598625
0.596843
0.595072
0.593312
0.591562
0.589824
0.58769
0.58556
0.583433
0.581311
0.579192
0.575857
0.572529
0.569329
0.566135
0.562857
0.559585
0.556912
0.554258
0.551622
0.549005
0.546408
0.5437
0.541011
0.538292
0.535592
0.532914
0.530258
0.528321
0.526397
0.524486
0.522588
0.520702
0.518773
0.516856
0.514951
0.513059
0.511179
0.509312
0.507458
0.505617
0.503788
0.500707
0.49763
0.494464
0.491301
0.489271
0.487245
0.485314
0.483387
0.481491
0.479598
0.477708
0.475823
0.473941
0.472064
0.47019
0.468387
0.466589
0.464794
0.463003
0.461216
0.459432
0.457653
0.455878
0.454107
0.452388
0.450674
0.447689
0.444708
0.441733
0.438762
0.435797
0.432836
0.429882
0.426932
0.423989
0.420999
0.418014
0.415034
0.41206
0.409091
0.406127
0.40317
0.400219
0.397273
0.394334
0.391402
0.388599
0.385806
0.383021
0.380246
0.377943
0.375653
0.373377
0.371115
0.368867
0.366633
0.364415
0.362139
0.359877
0.35763
0.355398
0.35318
0.350978
0.348792
0.346622
0.344467
0.34233
0.34021
0.338036
0.335879
0.33402
0.332178
0.32955
0.326964
0.324421
0.321923
0.31947
0.317062
0.314703
0.312469
0.310286
0.308331
0.306429
0.304582
0.30279
0.301054
0.299374
0.297752
0.298567
0.299408
0.301277
0.303181
0.3054
0.307652
0.31033
0.313039
0.31578
0.318551
0.321351
0.32418
0.327038
0.329923
0.332835
0.334698
0.336573
0.338395
0.34023
0.341947
0.343676
0.345417
0.347168
0.348931
0.350555
0.352197
0.353856
0.355533
0.357227
0.358939
0.360667
0.362412
0.364173
0.366226
0.368293
0.370419
0.372557
0.374724
0.376902
0.378381
0.37987
0.381369
0.382877
0.384395
0.385648
0.386912
0.38805
0.389202
0.390367
0.391546
0.392738
0.393943
0.395161
0.396391
0.397634
0.395612
0.393628
0.391682
0.389775
0.387908
0.386082
0.384296
0.382551
0.380787
0.379066
0.377386
0.375748
0.374152
0.372598
0.371085
0.369614
0.368183
0.366793
0.365442
0.364237
0.363069
0.361939
0.360845
0.359786
0.358762
0.357771
0.357897
0.358057
0.358252
0.358481
0.358149
0.357851
0.357587
0.357291
0.357027
0.356901
0.356804
0.356016
0.355258
0.354529
0.353827
0.353669
0.35354
0.35344
0.356357
0.359289
0.361694
0.36411
0.367308
0.37051
0.373718
0.37693
0.379525
0.382127
0.384737
0.387355
0.389979
0.39252
0.395067
0.396687
0.398317
0.399887
0.401466
0.402685
0.403914
0.40515
0.406395
0.407649
0.408121
0.408602
0.410087
0.411577
0.412999
0.414428
0.415621
0.416819
0.418021
0.419229
0.420441
0.421658
0.422879
0.423021
0.423169
0.423455
0.423746
0.424202
0.424664
0.425132
0.425605
0.426085
0.42657
0.427061
0.428652
0.430249
0.431901
0.433557
0.434851
0.435904
0.437208
0.438272
0.439585
0.440661
0.441982
0.443069
0.444399
0.445373
0.446355
0.44728
0.448213
0.449154
0.4502
0.451252
0.45231
0.453375
0.454445
0.455522
0.456329
0.457145
0.457968
0.4588
0.45964
0.45915
0.458675
0.458375
0.458093
0.457764
0.457449
0.456378
0.455326
0.454233
0.453158
0.452103
0.451066
0.450048
0.448864
0.447696
0.446543
0.445405
0.444303
0.443215
0.442141
0.441082
0.440037
0.439008
0.437993
0.436993
0.436008
0.434988
0.433983
0.43329
0.432609
0.431939
0.431282
0.430636
0.430003
0.429381
0.428772
0.428174
0.427589
0.427016
0.426456
0.425907
0.425326
0.424757
0.424201
0.424618
0.42504
0.425465
0.425893
0.426325
0.426761
0.427201
0.427644
0.428091
0.428541
0.428996
0.429454
0.429915
0.430381
0.43085
0.431324
0.431801
0.432281
0.432766
0.433255
0.433748
0.434244
0.434745
0.435249
0.436195
0.437146
0.438103
0.439065
0.440033
0.441006
0.441985
0.442969
0.443959
0.444954
0.445955
0.447651
0.449351
0.451056
0.452765
0.454416
0.456073
0.457735
0.459405
0.461081
0.462667
0.46426
0.465826
0.4674
0.46911
0.470829
0.472557
0.474297
0.476046
0.477807
0.47958
0.479065
0.47857
0.478127
0.477703
0.476647
0.475783
0.474621
0.473635
0.472475
0.471491
0.470333
0.471563
0.472666
0.473777
0.474949
0.476612
0.478347
0.480161
0.482058
0.484932
0.487916
0.491011
0.493428
0.495905
0.498441
0.501032
0.502692
0.504402
0.50616
0.507965
0.509726
0.511531
0.513378
0.515265
0.517192
0.519157
0.521157
0.524202
0.527283
0.530215
0.533179
0.536255
0.53936
0.542491
0.546147
0.547827
0.550267
0.551908
0.553131
0.55355
0.554417
0.554476
0.555373
0.555462
0.556388
0.556506
0.557459
0.557606
0.558585
0.558758
0.559763
0.560352
0.561776
0.562328
0.563718
0.5643
0.565381
0.566182
0.567292
0.56812
0.569195
0.569988
0.571183
0.572096
0.573317
0.574254
0.5755
0.574106
0.572724
0.571352
0.569992
0.56859
0.567199
0.565819
0.564451
0.563093
0.561747
0.560411
0.559387
0.558375
0.557373
0.556383
0.55536
0.554348
0.55344
0.552543
0.551233
0.549942
0.548669
0.547414
0.546178
0.544605
0.543051
0.541515
0.539997
0.538405
0.536831
0.535276
0.533739
0.532219
0.530718
0.529234
0.527768
0.52632
0.524858
0.523414
0.522078
0.520758
0.519456
0.51817
0.516902
0.515649
0.514413
0.513194
0.51199
0.510785
0.509595
0.508334
0.507089
0.505434
0.5038
0.502186
0.501244
0.500321
0.499416
0.49853
0.497659
0.496806
0.496059
0.49533
0.495126
0.494933
0.494751
0.497738
0.500754
0.503795
0.506857
0.509935
0.513029
0.5164
0.519779
0.522471
0.525171
0.527876
0.530637
0.533404
0.53599
0.538583
0.541194
0.543813
0.546437
0.549067
0.552466
0.555872
0.559285
0.562704
0.56613
0.569468
0.572812
0.576162
0.579518
0.582851
0.586189
0.588653
0.591121
0.593593
0.59208
0.590587
0.589021
0.587475
0.585949
0.584443
0.582957
0.581491
0.580045
0.578619
0.577213
0.574985
0.572774
0.57058
0.568404
0.566245
0.564104
0.561981
0.559876
0.558496
0.557121
0.555753
0.554391
0.553035
0.551686
0.550343
0.550122
0.549915
0.549681
0.54946
0.549214
0.54898
0.548759
0.548818
0.548892
0.54898
0.549082
0.549198
0.549327
0.54951
0.549707
0.549919
0.550144
0.550384
0.550359
0.550347
0.550439
0.550545
0.550662
0.550792
0.550935
0.55109
0.551257
0.551437
0.551629
0.551834
0.552051
0.552374
0.552709
0.553057
0.553416
0.553787
0.554171
0.554191
0.554232
0.554296
0.554382
0.554489
0.554617
0.554767
0.554975
0.555202
0.555482
0.555323
0.555582
0.555461
0.555757
0.555673
0.556006
0.555959
0.556328
0.555735
0.555787
0.555234
0.555327
0.554526
0.554145
0.553383
0.55334
0.552915
0.552385
0.551875
0.551384
0.550913
0.550461
0.550028
0.549614
0.549218
0.548842
0.548483
0.548143
0.547717
0.547309
0.546728
0.546172
0.54564
0.545133
0.544567
0.544025
0.543505
0.543008
0.542533
0.542127
0.541743
0.54138
0.541039
0.540719
0.54042
0.541224
0.542045
0.542882
0.543734
0.544602
0.545406
0.546224
0.547059
0.547908
0.548809
0.549726
0.54944
0.549172
0.548921
0.548689
0.548474
0.548276
0.548096
0.547933
0.547787
0.547659
0.547546
0.547451
0.547371
0.547309
0.545871
0.544449
0.543043
0.541652
0.540278
0.53892
0.537535
0.536166
0.534813
0.533477
0.532156
0.530851
0.529562
0.529568
0.529591
0.529631
0.529688
0.529711
0.529752
0.529454
0.529166
0.528888
0.528619
0.52836
0.52811
0.527869
0.527637
0.527415
0.527202
0.526998
0.526792
0.526595
0.526408
0.526231
0.526063
0.525842
0.525632
0.525431
0.52524
0.52441
0.5236
0.522945
0.522316
0.521711
0.521361
0.521039
0.519651
0.518292
0.516963
0.515663
0.514394
0.513155
0.511948
0.510773
0.50963
0.508282
0.506966
0.505462
0.503987
0.502544
0.501131
0.49966
0.498221
0.496816
0.495445
0.494108
0.493055
0.49204
0.491086
0.490171
0.488009
0.485883
0.483794
0.481742
0.479662
0.477619
0.475612
0.47391
0.472246
0.471067
0.469929
0.468833
0.467779
0.466767
0.465796
0.464866
0.463978
0.463131
0.463346
0.463591
0.463864
0.464165
0.464492
0.464844
0.465222
0.465624
0.465986
0.46637
0.466775
0.467682
0.468598
0.469432
0.470275
0.470906
0.471542
0.472181
0.472824
0.473444
0.474076
0.474719
0.47456
0.474418
0.474294
0.474187
0.474097
0.474025
0.474017
0.474026
0.473955
0.4739
0.47386
0.473835
0.473826
0.473203
0.472593
0.471994
0.471407
0.470833
0.470282
0.470384
0.4705
0.470632
0.470993
0.471368
0.471834
0.472312
0.472802
0.473305
0.473792
0.474285
0.474199
0.474127
0.474069
0.473342
0.472631
0.471936
0.471256
0.470575
0.469909
0.469258
0.468623
0.469214
0.469821
0.470441
0.472084
0.473739
0.475356
0.476986
0.478651
0.480329
0.48202
0.483724
0.485441
0.48717
0.488912
0.489391
0.489886
0.490359
0.490848
0.491322
0.49181
0.492312
0.492827
0.493124
0.49344
0.493773
0.49386
0.493966
0.49409
0.494233
0.49443
0.494647
0.494883
0.49514
0.494274
0.493426
0.492596
0.491784
0.490992
0.490218
0.489464
0.48895
0.488446
0.487894
0.487353
0.487975
0.488608
0.489252
0.489907
0.490574
0.491252
0.491941
0.492722
0.493513
0.4937
0.49391
0.492885
0.491882
0.490901
0.489679
0.48848
0.487304
0.486152
0.485108
0.484087
0.482995
0.481927
0.480882
0.479861
0.478864
0.47789
0.476941
0.476015
0.475114
0.474237
0.473384
0.472556
0.471753
0.472311
0.47289
0.473379
0.47397
0.474498
0.475016
0.475552
0.476107
0.47668
0.477177
0.477693
0.478226
0.478777
0.479346
0.479932
0.480537
0.481158
0.481797
0.482453
0.483126
0.484
0.484891
0.485798
0.486721
0.48766
0.488614
0.489583
0.490788
0.492011
0.493251
0.494509
0.495935
0.497368
0.498807
0.500254
0.501707
0.503167
0.504633
0.505827
0.507025
0.508226
0.509432
0.510385
0.511343
0.512303
0.513268
0.514236
0.51544
0.516646
0.517857
0.519071
0.520288
0.52151
0.522547
0.523589
0.524624
0.525663
0.526704
0.527747
0.528793
0.529841
0.530892
0.531945
0.533
0.534058
0.535119
0.536194
0.537272
0.538352
0.53965
0.540951
0.542254
0.543561
0.54496
0.546362
0.547766
0.549174
0.550584
0.551998
0.553414
0.554616
0.555821
0.557029
0.558238
0.559542
0.560848
0.562157
0.563467
0.564769
0.566075
0.567385
0.569405
0.571432
0.573491
0.575556
0.57772
0.579889
0.582063
0.584243
0.586428
0.588617
0.590812
0.593012
0.595217
0.597428
0.599643
0.602225
0.604811
0.607588
0.610369
0.612533
0.614707
0.616891
0.615762
0.614653
0.613594
0.612559
0.611697
0.610859
0.610213
0.609591
0.609083
0.608598
0.608137
0.607699
0.607285
0.606895
0.606529
0.606303
0.606101
0.605923
0.605769
0.604634
0.603519
0.602423
0.601347
0.60029
0.599671
0.599078
0.598513
0.597972
0.597101
0.596262
0.595455
0.594679
0.593933
0.593451
0.592996
0.592568
0.592165
0.591789
0.591437
0.59111
0.590808
0.59053
0.590276
0.590045
0.589396
0.588772
0.587548
0.586347
0.585211
0.584096
0.583003
0.581931
0.58088
0.579851
0.578844
0.577316
0.575813
0.574335
0.572882
0.571453
0.570049
0.568576
0.567129
0.565662
0.564218
0.562798
0.560966
0.559171
0.556998
0.55485
0.552725
0.550624
0.548547
0.546495
0.544511
0.542553
0.540619
0.538831
0.537071
0.535246
0.533432
0.531629
0.529837
0.528057
0.526288
0.524585
0.522893
0.521213
0.519639
0.518077
0.516526
0.514988
0.51346
0.511944
0.51053
0.509128
0.508054
0.507002
0.505974
0.504969
0.503987
0.503054
0.502143
0.500753
0.499398
0.497801
0.49624
0.494713
0.493222
0.491766
0.490346
0.488963
0.487643
0.486357
0.485189
0.484055
0.482861
0.481703
0.480767
0.479866
0.479
0.477839
0.476709
0.475608
0.474536
0.473767
0.473019
0.472293
0.471588
0.470905
0.470244
0.469605
0.469474
0.469371
0.469321
0.469299
0.469129
0.468993
0.468616
0.468272
0.467873
0.467508
0.467177
0.466351
0.465554
0.464814
0.464103
0.462268
0.460464
0.458524
0.456615
0.454898
0.453209
0.451549
0.449624
0.447736
0.445885
0.444071
0.442296
0.440562
0.438512
0.436498
0.434519
0.432577
0.430672
0.428806
0.42698
0.425193
0.423371
0.421408
0.419486
0.41763
0.415815
0.413883
0.411993
0.410145
0.408339
0.406575
0.404851
0.403168
0.401776
0.400424
0.39908
0.397774
0.396505
0.395271
0.394073
0.392908
0.391777
0.390587
0.389427
0.388026
0.386653
0.385266
0.383904
0.382935
0.381996
0.381086
0.38005
0.379038
0.378143
0.377269
0.376686
0.376127
0.375591
0.375078
0.374047
0.373033
0.372036
0.371218
0.370417
0.369894
0.369385
0.368588
0.3678
0.367022
0.366253
0.365401
0.364557
0.363722
0.363061
0.362409
0.361688
0.360976
0.360651
0.360351
0.360075
0.359824
0.359599
0.359401
0.359231
0.359269
0.359342
0.359451
0.359598
0.359408
0.359225
0.359048
0.358879
0.359181
0.359504
0.359848
0.361229
0.36264
0.364145
0.365676
0.367177
0.368704
0.370256
0.371833
0.372741
0.373666
0.374608
0.374429
0.374254
0.374084
0.373918
0.374522
0.375193
0.37591
0.376698
0.377561
0.378498
0.379511
0.37766
0.375827
0.373955
0.372104
0.370272
0.368461
0.366672
0.364903
0.363406
0.361917
0.360434
0.358933
0.357438
0.356057
0.354683
0.353314
0.351953
0.352025
0.352104
0.3521
0.352103
0.352113
0.352131
0.352155
0.352074
0.351999
0.351396
0.350802
0.350218
0.349644
0.34908
0.348528
0.347987
0.347662
0.347339
0.347018
0.346699
0.346568
0.346439
0.346289
0.346139
0.34599
0.345841
0.345693
0.345546
0.345399
0.345253
0.345107
0.344962
0.344817
0.344638
0.34446
0.344283
0.344106
0.34393
0.343755
0.34358
0.343406
0.343233
0.34306
0.342887
0.342716
0.342545
0.342375
0.342205
0.342036
0.341868
0.3417
0.341533
0.341367
0.341201
0.341037
0.340872
0.340709
0.340546
0.340384
0.340223
0.340062
0.339902
0.339743
0.339584
0.339426
0.339269
0.33907
0.338872
0.338675
0.338478
0.338283
0.338089
0.337895
0.337703
0.337511
0.337321
0.337131
0.336891
0.336652
0.336415
0.336179
0.335944
0.33571
0.335478
0.335247
0.335018
0.33479
0.334563
0.334338
0.334114
0.332979
0.331855
0.330742
0.329641
0.328552
0.327524
0.326508
0.325583
0.32467
0.323713
0.322769
0.321838
0.320921
0.320019
0.319131
0.318257
0.317436
0.31663
0.315762
0.314909
0.314207
0.313521
0.313765
0.31401
0.314255
0.314387
0.314521
0.314696
0.314874
0.314624
0.314642
0.314697
0.315059
0.315597
0.316344
0.317245
0.318381
0.31959
0.320853
0.322154
0.323485
0.324839
0.32621
0.327597
0.328996
0.330406
0.331825
0.333148
0.33448
0.334523
0.334578
0.334644
0.334722
0.33448
0.33425
0.334032
0.333827
0.333634
0.333343
0.333079
0.332843
0.332635
0.332454
0.3323
0.332174
0.332075
0.332002
0.331957
0.331939
0.331948
0.331983
0.332046
0.332135
0.33225
0.332393
0.332099
0.331832
0.331677
0.331548
0.331444
0.331146
0.330679
0.330348
0.329849
0.329568
0.329118
0.329438
0.32959
0.329079
0.328589
0.328119
0.327605
0.327113
0.326641
0.32619
0.32576
0.325351
0.324175
0.32302
0.321854
0.320709
0.319583
0.318478
0.317393
0.316327
0.315281
0.314255
0.313247
0.312259
0.311289
0.31037
0.309469
0.308587
0.308261
0.307964
0.307697
0.307463
0.305999
0.304572
0.303186
0.301842
0.300544
0.299294
0.298095
0.296951
0.295863
0.294835
0.293868
0.292966
0.292131
0.291363
0.290664
0.290125
0.289658
0.289263
0.288955
0.28871
0.288526
0.288401
0.288953
0.289563
0.290161
0.29081
0.291509
0.292255
0.293045
0.29388
0.294757
0.296434
0.298151
0.300536
0.302959
0.305487
0.308049
0.310723
0.313426
0.316157
0.318914
0.321696
0.324115
0.326564
0.32904
0.331544
0.335244
0.338969
0.342126
0.345313
0.348528
0.351772
0.355044
0.35826
0.361502
0.36462
0.367757
0.370911
0.374084
0.377273
0.380479
0.383701
0.386939
0.390191
0.393374
0.396571
0.399919
0.40329
0.406683
0.410099
0.414122
0.41816
0.422213
0.426279
0.43036
0.434367
0.438388
0.442422
0.446471
0.450491
0.454524
0.457793
0.46108
0.464384
0.467528
0.470687
0.473944
0.477214
0.480497
0.483793
0.485898
0.488015
0.490145
0.492288
0.494442
0.496609
0.498788
0.501054
0.503332
0.50562
0.507918
0.510166
0.512424
0.514503
0.516593
0.518692
0.5208
0.522917
0.525164
0.527419
0.529682
0.531952
0.53423
0.536515
0.538807
0.541107
0.543413
0.545726
0.548047
0.550416
0.552792
0.554016
0.555243
0.55661
0.55798
0.559354
0.560732
0.562114
0.563359
0.564609
0.565863
0.567121
0.568729
0.570342
0.571937
0.573538
0.575147
0.576762
0.578383
0.580149
0.581923
0.582696
0.58348
0.584272
0.585075
0.585923
0.586778
0.58764
0.588508
0.589382
0.590372
0.591368
0.592284
0.593205
0.594131
0.595062
0.596096
0.597141
0.598554
0.599984
0.601429
0.602654
0.603898
0.605161
0.606443
0.607744
0.609063
0.610401
0.611151
0.61247
0.613249
0.614601
0.612294
0.610655
0.608529
0.607091
0.605067
0.603052
0.601047
0.599051
0.597065
0.595089
0.593123
0.591166
0.58922
0.587284
0.585359
0.583443
0.581538
0.579644
0.57776
0.575812
0.573875
0.57195
0.570036
0.568135
0.566245
0.564367
0.562501
0.560648
0.558807
0.556978
0.555233
0.553499
0.551778
0.550176
0.548589
0.547016
0.545459
0.543916
0.542388
0.540968
0.539563
0.538108
0.536669
0.535247
0.533842
0.532454
0.531084
0.529731
0.528396
0.527078
0.525873
0.524687
0.523519
0.522369
0.521239
0.519986
0.518748
0.516884
0.51503
0.513185
0.511349
0.50971
0.508081
0.506397
0.504724
0.503062
0.501411
0.499771
0.498142
0.496525
0.495731
0.494954
0.494447
0.493955
0.493535
0.493128
0.492733
0.492349
0.491975
0.491713
0.49146
0.490503
0.489553
0.488798
0.488057
0.487276
0.486509
0.485757
0.485181
0.48462
0.484127
0.48365
0.483117
0.482601
0.482138
0.48169
0.481257
0.480837
0.480431
0.479869
0.479319
0.478731
0.478155
0.477592
0.47704
0.476502
0.475975
0.47546
0.474958
0.474467
0.473989
0.473522
0.473067
0.472624
0.472193
0.471773
0.471365
0.470968
0.470537
0.470119
0.469713
0.468981
0.468261
0.467551
0.466851
0.466162
0.465484
0.464816
0.464159
0.463551
0.462953
0.462364
0.461784
0.461213
0.460651
0.460098
0.459555
0.45902
0.458297
0.457587
0.45662
0.455671
0.454741
0.453829
0.452936
0.452061
0.451204
0.450228
0.44927
0.448265
0.447279
0.446312
0.445362
0.444431
0.443356
0.442299
0.441258
0.440233
0.43917
0.438122
0.437091
0.436076
0.435078
0.434095
0.433129
0.432348
0.431584
0.430838
0.43011
0.429455
0.428817
0.427987
0.427178
0.426252
0.425347
0.424465
0.423789
0.423137
0.422507
0.421901
0.421318
0.420758
0.420412
0.420085
0.419704
0.419343
0.419003
0.418489
0.417994
0.417519
0.417062
0.416687
0.416332
0.415995
0.415679
0.414426
0.413192
0.411978
0.410785
0.409611
0.409048
0.408503
0.407976
0.407058
0.405899
0.404764
0.403655
0.40257
0.40151
0.400476
0.399467
0.398483
0.397525
0.396593
0.395687
0.394352
0.393043
0.391844
0.39067
0.389523
0.388214
0.386934
0.38596
0.385015
0.383968
0.382949
0.381959
0.380998
0.380157
0.379346
0.378566
0.377993
0.37745
0.376935
0.376449
0.376052
0.375683
0.375258
0.37486
0.37477
0.374708
0.374674
0.374833
0.375017
0.374278
0.373564
0.372815
0.372091
0.371481
0.370896
0.370335
0.3698
0.36929
0.369553
0.369822
0.371339
0.37287
0.374527
0.376192
0.377864
0.379542
0.381139
0.382741
0.384347
0.385234
0.386145
0.387121
0.388122
0.389033
0.389971
0.390934
0.391922
0.392216
0.392535
0.392878
0.39287
0.392885
0.392922
0.392981
0.39303
0.392976
0.392637
0.392319
0.392022
0.391745
0.39149
0.391255
0.391041
0.390946
0.390877
0.392092
0.393337
0.394291
0.395266
0.396262
0.397278
0.398314
0.398956
0.39962
0.400327
0.401056
0.401855
0.402675
0.403532
0.404409
0.404813
0.405227
0.405652
0.406087
0.406532
0.406987
0.407452
0.40657
0.405699
0.404813
0.403937
0.403069
0.402211
0.401362
0.400305
0.399256
0.398217
0.397188
0.396168
0.395157
0.394839
0.394539
0.394256
0.393992
0.393745
0.393517
0.393306
0.393113
0.392937
0.39278
0.39264
0.392518
0.392414
0.392746
0.393104
0.39349
0.393458
0.393455
0.393482
0.393538
0.393578
0.393647
0.393207
0.392793
0.392406
0.392045
0.391711
0.391403
0.391122
0.390819
0.390543
0.390295
0.390073
0.390053
0.39006
0.390096
0.390161
0.390254
0.390375
0.390525
0.390704
0.39091
0.391098
0.391314
0.391465
0.391643
0.391848
0.39208
0.392338
0.39281
0.393306
0.393773
0.394264
0.39474
0.39524
0.396456
0.397692
0.399043
0.400413
0.401804
0.403214
0.404644
0.406032
0.407439
0.408866
0.410311
0.411101
0.411913
0.412747
0.413602
0.41448
0.415379
0.416299
0.416936
0.417599
0.418286
0.419
0.420479
0.421978
0.42375
0.425541
0.42735
0.429564
0.431785
0.433292
0.434806
0.436328
0.437858
0.439395
0.440941
0.442494
0.444056
0.445626
0.445545
0.445475
0.445598
0.445732
0.445909
0.446095
0.445378
0.444668
0.44279
0.440919
0.439054
0.43878
0.438517
0.437984
0.437462
0.437312
0.437165
0.437112
0.437062
0.438257
0.439454
0.440655
0.440904
0.441153
0.442325
0.443508
0.445781
0.448072
0.451181
0.454309
0.457608
0.460924
0.464257
0.468496
0.472738
0.475778
0.478819
0.481888
0.48496
0.488035
0.491113
0.494238
0.497365
0.500494
0.502352
0.504221
0.5073
0.510393
0.51352
0.516661
0.519843
0.523036
0.526227
0.529429
0.532643
0.534846
0.537057
0.537961
0.538873
0.539811
0.540756
0.541709
0.54267
0.543638
0.544615
0.545599
0.546591
0.547591
0.548598
0.549612
0.550634
0.551664
0.552637
0.553617
0.55461
0.555609
0.556613
0.558605
0.560608
0.562567
0.564537
0.566535
0.568546
0.569616
0.570698
0.571783
0.572879
0.573984
0.573651
0.573324
0.573003
0.572687
0.572376
0.572072
0.572624
0.573182
0.57293
0.572683
0.572441
0.572203
0.571969
0.571689
0.571411
0.571136
0.570864
0.569337
0.567814
0.56563
0.56345
0.561273
0.5591
0.556931
0.554765
0.552602
0.550461
0.548325
0.546159
0.543997
0.541839
0.539685
0.537535
0.53539
0.533249
0.531112
0.52898
0.526828
0.524681
0.522516
0.520356
0.518189
0.516027
0.513869
0.511561
0.509258
0.506961
0.504669
0.502418
0.500068
0.497773
0.495431
0.493146
0.490812
0.488536
0.486211
0.483944
0.48157
0.4792
0.476832
0.474469
0.472108
0.469753
0.467412
0.465079
0.462753
0.460435
0.458124
0.456073
0.454033
0.451993
0.449966
0.448525
0.447094
0.445737
0.444158
0.442825
0.441267
0.439957
0.438381
0.436815
0.435261
0.433717
0.432465
0.431225
0.430124
0.429037
0.427964
0.426904
0.425858
0.424825
0.423807
0.422803
0.421813
0.420743
0.419688
0.418815
0.417959
0.417118
0.41612
0.415138
0.41417
0.413218
0.412281
0.411359
0.40973
0.40812
0.40653
0.404959
0.403409
0.401708
0.400026
0.398325
0.396642
0.394978
0.393334
0.391708
0.390102
0.388516
0.38695
0.385404
0.383558
0.38173
0.380673
0.379645
0.378621
0.377626
0.376709
0.37582
0.37496
0.374127
0.373321
0.372543
0.371791
0.370172
0.368572
0.367018
0.365484
0.363916
0.362367
0.360839
0.359332
0.357846
0.356382
0.354939
0.353518
0.35212
0.350744
0.34939
0.34827
0.347176
0.34611
0.34507
0.344058
0.343074
0.342118
0.341191
0.340293
0.339423
0.338584
0.337862
0.337171
0.33596
0.334779
0.333631
0.332693
0.331789
0.330921
0.330089
0.329293
0.328533
0.32781
0.327124
0.326569
0.326051
0.325573
0.325134
0.324735
0.324376
0.324056
0.323777
0.323539
0.323248
0.322997
0.322788
0.32262
0.322493
0.322408
0.322365
0.322364
0.322404
0.322451
0.32254
0.322483
0.322468
0.322494
0.322561
0.32267
0.322821
0.323014
0.323248
0.323524
0.323842
0.324201
0.324696
0.325232
0.325899
0.326606
0.327353
0.328139
0.328965
0.329829
0.330732
0.331624
0.332554
0.333521
0.334524
0.335564
0.33664
0.33775
0.338896
0.340076
0.34129
0.342537
0.343904
0.345304
0.346649
0.348027
0.349436
0.350877
0.35235
0.354199
0.356075
0.357977
0.359906
0.361861
0.36384
0.365845
0.367873
0.370181
0.372508
0.374854
0.376881
0.378927
0.380993
0.383078
0.385182
0.387304
0.389519
0.39175
0.394012
0.396289
0.39858
0.400288
0.402015
0.40376
0.405523
0.407137
0.408769
0.410481
0.412209
0.412837
0.413478
0.414133
0.414801
0.415482
0.416175
0.416881
0.416447
0.416024
0.415613
0.415212
0.414744
0.414286
0.413839
0.41401
0.414192
0.414384
0.414587
0.414752
0.414929
0.415118
0.41532
0.415616
0.415926
0.416251
0.41659
0.416944
0.417745
0.418554
0.419373
0.4202
0.421078
0.421964
0.42286
0.423764
0.424678
0.4256
0.426531
0.427561
0.428599
0.43109
0.433592
0.436137
0.438693
0.441172
0.44366
0.446159
0.448358
0.450568
0.452787
0.455016
0.457269
0.459532
0.461828
0.464133
0.466449
0.468775
0.471111
0.473076
0.475054
0.477953
0.480884
0.483845
0.486836
0.48987
0.492933
0.496115
0.499326
0.502564
0.505827
0.509117
0.511303
0.513499
0.515625
0.517765
0.519922
0.522094
0.524278
0.526476
0.528394
0.530152
0.531923
0.533883
0.535857
0.537745
0.53965
0.541314
0.543001
0.54471
0.546441
0.548197
0.548065
0.548054
0.548719
0.5494
0.550152
0.550921
0.551807
0.552704
0.553613
0.554533
0.555465
0.556221
0.556988
0.557715
0.558453
0.559248
0.560055
0.560874
0.561704
0.562546
0.5634
0.564266
0.565331
0.566409
0.5675
0.568604
0.56972
0.570848
0.571932
0.573028
0.574137
0.575258
0.576391
0.577537
0.578696
0.57991
0.581136
0.582413
0.583703
0.583722
0.583753
0.583885
0.584028
0.584184
0.584351
0.58453
0.584721
0.584923
0.585137
0.585362
0.585581
0.585811
0.586132
0.586464
0.586807
0.587161
0.587526
0.58794
0.588397
0.588896
0.589436
0.590011
0.590624
0.59094
0.591293
0.591682
0.592106
0.592563
0.592424
0.592478
0.592729
0.593179
0.593828
0.594648
0.595871
0.597222
0.598683
0.600237
0.601872
0.602832
0.603808
0.60466
0.605524
0.606428
0.607345
0.6082
0.609069
0.609952
0.611566
0.613191
0.614313
0.615448
0.616009
0.616585
0.617176
0.617782
0.617968
0.618171
0.618393
0.618474
0.618567
0.619878
0.621199
0.621779
0.622363
0.623
0.623641
0.623764
0.623891
0.624023
0.623219
0.622432
0.621663
0.620911
0.620176
0.61946
0.618894
0.618348
0.617823
0.617317
0.616832
0.616368
0.615924
0.614236
0.612569
0.61092
0.609291
0.607609
0.605947
0.604231
0.602535
0.60086
0.599207
0.597574
0.597175
0.596829
0.596533
0.596283
0.596158
0.596076
0.595978
0.59591
0.595873
0.593724
0.591581
0.589429
0.587304
0.585203
0.583124
0.581154
0.579205
0.577194
0.575206
0.573239
0.57111
0.569
0.56671
0.564429
0.562169
0.559918
0.557677
0.555446
0.553226
0.551015
0.548815
0.546626
0.544448
0.542423
0.540421
0.53844
0.53648
0.534635
0.532812
0.530852
0.528911
0.526987
0.525083
0.523196
0.520996
0.51881
0.516636
0.514476
0.512235
0.510008
0.507732
0.505467
0.503213
0.500774
0.498344
0.495839
0.493343
0.490896
0.488459
0.48603
0.483612
0.481203
0.478804
0.476415
0.474478
0.472558
0.470288
0.468036
0.465802
0.463586
0.46139
0.459213
0.457055
0.454917
0.452799
0.451234
0.449696
0.448281
0.446894
0.445566
0.444266
0.442904
0.441572
0.440268
0.438996
0.437754
0.436836
0.435951
0.435102
0.434287
0.433482
0.432712
0.431978
0.43128
0.430636
0.430028
0.429234
0.428384
0.427664
0.426664
0.4257
0.424764
0.423866
0.422751
0.421679
0.420985
0.420324
0.419697
0.419406
0.41915
0.418927
0.418737
0.419599
0.420508
0.420418
0.420353
0.421315
0.422303
0.423317
0.424356
0.42542
0.426874
0.428352
0.428751
0.429164
0.429591
0.430034
0.429839
0.429659
0.429493
0.429342
0.429206
0.429084
0.428978
0.428865
0.428766
0.428721
0.428687
0.428103
0.427532
0.426972
0.426426
0.425892
0.425371
0.424862
0.424349
0.423847
0.423357
0.422879
0.423059
0.42325
0.423452
0.423666
0.423891
0.424127
0.424375
0.424635
0.424907
0.425213
0.42553
0.425858
0.426197
0.426546
0.426906
0.427278
0.427661
0.428055
0.429887
0.43173
0.433585
0.43545
0.437327
0.439213
0.441111
0.443018
0.444936
0.446491
0.448056
0.44963
0.451214
0.452808
0.45441
0.455835
0.457269
0.458711
0.460163
0.461624
0.463723
0.46583
0.467835
0.469846
0.472916
0.476015
0.47914
0.48229
0.485464
0.488897
0.492349
0.495102
0.497874
0.500662
0.503466
0.50656
0.50966
0.512766
0.515877
0.518993
0.522307
0.525625
0.528947
0.532273
0.535602
0.538935
0.542295
0.545657
0.548621
0.551586
0.554554
0.557794
0.561037
0.564374
0.567714
0.571003
0.574295
0.57759
0.580889
0.584191
0.587496
0.590805
0.593639
0.596476
0.599315
0.602157
0.605098
0.608041
0.610987
0.613935
0.616829
0.619725
0.622625
0.626074
0.629527
0.632983
0.636443
0.639907
0.643374
0.64684
0.65031
0.653783
0.65726
0.660739
0.66152
0.662306
0.662531
0.662767
0.66297
0.663184
0.663409
0.663644
0.66389
0.664145
0.66441
0.663014
0.661627
0.66025
0.658881
0.657568
0.656264
0.654974
0.653695
0.652479
0.651273
0.650079
0.648896
0.647724
0.646563
0.645413
0.644275
0.643148
0.641812
0.640485
0.63923
0.637985
0.63675
0.635524
0.634309
0.633103
0.631908
0.630676
0.629454
0.628243
0.627043
0.625931
0.624831
0.623744
0.623616
0.623496
0.623387
0.623288
0.6232
0.623121
0.623053
0.622996
0.623312
0.62364
0.623981
0.624335
0.624701
0.625013
0.625337
0.625545
0.625767
0.626001
0.626248
0.626601
0.626968
0.627349
0.628054
0.628772
0.629437
0.630113
0.6308
0.631499
0.632209
0.632932
0.633847
0.6348
0.635791
0.634337
0.63289
0.63139
0.629898
0.628337
0.626782
0.625236
0.623696
0.622164
0.620639
0.619122
0.617511
0.615906
0.614254
0.612609
0.611167
0.609731
0.6083
0.606875
0.605456
0.604042
0.602634
0.601265
0.599902
0.598545
0.597195
0.595851
0.594513
0.592314
0.590122
0.587938
0.585761
0.583593
0.581432
0.57928
0.577137
0.575002
0.571667
0.568342
0.565114
0.561897
0.558766
0.555646
0.552537
0.54944
0.546354
0.543281
0.540219
0.537171
0.534135
0.531112
0.528103
0.525107
0.522125
0.519158
0.516205
0.513267
0.510281
0.507308
0.504288
0.501283
0.498387
0.495505
0.492713
0.489938
0.487179
0.484513
0.481865
0.47912
0.476392
0.47368
0.470986
0.46831
0.465652
0.463013
0.460393
0.457793
0.455213
0.452654
0.450116
0.4476
0.444926
0.442273
0.439546
0.436841
0.433447
0.430075
0.426726
0.423401
0.420102
0.416828
0.41358
0.410339
0.407125
0.404125
0.401155
0.399113
0.397103
0.395128
0.393188
0.391283
0.389416
0.387586
0.385794
0.384042
0.382148
0.380297
0.377571
0.374889
0.37225
0.369656
0.367109
0.364609
0.362157
0.359736
0.357365
0.354195
0.351069
0.348956
0.34689
0.344873
0.342653
0.34046
0.338022
0.335607
0.333235
0.330884
0.328555
0.326248
0.322822
0.319416
0.316029
0.312651
0.309295
0.305424
0.301554
0.29772
0.293887
0.290057
0.286229
0.283544
0.280864
0.278187
0.275571
0.272954
0.270997
0.269052
0.26712
0.265199
0.263289
0.26139
0.258357
0.255334
0.25232
0.249317
0.246323
0.242594
0.238866
0.235106
0.231346
0.227989
0.224635
0.221217
0.217802
0.214389
0.210979
0.207573
0.204169
0.200769
0.197885
0.195007
0.192137
0.189273
0.186416
0.183568
0.180728
0.177897
0.175076
0.172302
0.16954
0.16679
0.164053
0.161329
0.15862
0.155996
0.153389
0.150802
0.149099
0.147521
0.146006
0.144627
0.143388
0.142291
0.14143
0.140712
0.141375
0.14223
0.143266
0.145414
0.147599
0.150859
0.154164
0.157511
0.160899
0.164324
0.167786
0.171282
0.174812
0.178374
0.181968
0.185592
0.189319
0.193074
0.196855
0.200661
0.204424
0.208212
0.212026
0.215864
0.219725
0.223721
0.227744
0.231733
0.235752
0.2398
0.243876
0.248042
0.252235
0.256424
0.260638
0.264878
0.269254
0.273687
0.278175
0.282715
0.287304
0.291941
0.296623
0.301347
0.306114
0.310919
0.315762
0.319099
0.32248
0.325582
0.328729
0.331921
0.335156
0.33839
0.341667
0.344986
0.348346
0.351746
0.354909
0.358111
0.361352
0.364631
0.367265
0.369947
0.372708
0.375514
0.3777
0.379299
0.381483
0.382937
0.384967
0.386557
0.388714
0.390344
0.392531
0.394178
0.395897
0.397595
0.399365
0.401205
0.40363
0.406119
0.408884
0.411708
0.414593
0.417537
0.420538
0.423597
0.426712
0.429882
0.433107
0.434262
0.435417
0.436616
0.437814
0.439014
0.440214
0.441415
0.442616
0.443904
0.445193
0.446483
0.447773
0.449064
0.450356
0.451648
0.453029
0.454411
0.456292
0.458184
0.459999
0.461824
0.463658
0.465182
0.466714
0.468256
0.469806
0.471277
0.472756
0.473739
0.474722
0.475792
0.476863
0.477935
0.47839
0.478846
0.479311
0.479776
0.48033
0.480884
0.481438
0.481992
0.482628
0.483265
0.483902
0.48303
0.482163
0.480303
0.478459
0.476544
0.474646
0.472853
0.471078
0.469154
0.467248
0.465361
0.463494
0.461646
0.459728
0.457829
0.456192
0.454574
0.452889
0.451223
0.449876
0.448547
0.447238
0.445948
0.444679
0.443429
0.4422
0.440754
0.439329
0.438013
0.436719
0.435156
0.433617
0.432102
0.430612
0.429148
0.427708
0.426294
0.425345
0.42442
0.423434
0.422474
0.421539
0.420629
0.419745
0.418886
0.418053
0.417578
0.417108
0.416642
0.416182
0.41597
0.415768
0.415873
0.415987
0.416111
0.416243
0.416384
0.416534
0.416694
0.416852
0.41702
0.417307
0.417598
0.417181
0.416769
0.416363
0.416576
0.416798
0.416765
0.41674
0.415737
0.414738
0.41377
0.412807
0.411846
0.41089
0.409936
0.408986
0.40804
0.407188
0.40634
0.405494
0.404652
0.403779
0.402909
0.402041
0.401176
0.400313
0.399453
0.398595
0.39774
0.396887
0.395529
0.39418
0.391833
0.389511
0.386569
0.383653
0.380764
0.378118
0.375502
0.372825
0.37018
0.367598
0.36504
0.362506
0.359995
0.357463
0.354957
0.352476
0.35002
0.34759
0.344214
0.340862
0.337536
0.334234
0.330959
0.327709
0.325504
0.323323
0.321166
0.3186
0.316061
0.313561
0.311086
0.308638
0.306216
0.30382
0.301451
0.298084
0.294746
0.291437
0.288157
0.284908
0.281709
0.27854
0.275419
0.272326
0.268502
0.264698
0.261046
0.257438
0.253876
0.251001
0.248178
0.245435
0.242748
0.240652
0.238651
0.236748
0.234942
0.23332
0.23175
0.230231
0.228763
0.227344
0.226799
0.226307
0.226054
0.225852
0.225698
0.225594
0.225562
0.225631
0.225802
0.224516
0.223322
0.222729
0.222243
0.221866
0.221599
0.221752
0.222025
0.222417
0.222931
0.223568
0.225695
0.227905
0.230148
0.232465
0.234852
0.237305
0.239644
0.242041
0.244492
0.246995
0.249546
0.250767
0.25208
0.253484
0.254977
0.256497
0.258104
0.260074
0.262128
0.264263
0.266477
0.268767
0.271132
0.273569
0.276128
0.278755
0.281393
0.284097
0.286772
0.28951
0.292308
0.295166
0.29808
0.299308
0.300568
0.301699
0.302834
0.303912
0.304992
0.306169
0.307348
0.308531
0.309716
0.310904
0.312095
0.313289
0.314408
0.31553
0.316655
0.317782
0.319
0.320221
0.321444
0.322669
0.323896
0.325125
0.326356
0.327773
0.329221
0.330761
0.332329
0.333926
0.335549
0.337199
0.338874
0.340574
0.342297
0.344044
0.345191
0.34634
0.347425
0.348512
0.349599
0.350688
0.351202
0.351717
0.352231
0.351647
0.35107
0.35022
0.349378
0.348542
0.347713
0.346892
0.346078
0.34527
0.344471
0.343678
0.344091
0.344505
0.344918
0.345333
0.345747
0.346162
0.346577
0.346993
0.347409
0.347826
0.348243
0.34866
0.349078
0.349496
0.349915
0.3504
0.350885
0.351837
0.352794
0.353756
0.354722
0.355694
0.356669
0.35765
0.358545
0.359445
0.360281
0.361122
0.361949
0.362779
0.363706
0.364635
0.365567
0.366502
0.367439
0.368379
0.369322
0.370519
0.371727
0.372867
0.374016
0.375264
0.376519
0.377782
0.378682
0.379589
0.380503
0.381424
0.382361
0.383304
0.384333
0.385368
0.386409
0.387457
0.38851
0.388501
0.3885
0.388422
0.388352
0.388283
0.388221
0.388082
0.387951
0.387911
0.387878
0.387851
0.387891
0.387935
0.387827
0.387724
0.387625
0.387529
0.387522
0.387519
0.38766
0.387804
0.387951
0.388176
0.388403
0.388564
0.388727
0.388892
0.389059
0.389191
0.389325
0.389558
0.389791
0.390026
0.390262
0.390499
0.390806
0.391114
0.390167
0.389221
0.388314
0.387408
0.386557
0.385709
0.384862
0.384017
0.383174
0.382333
0.381493
0.380656
0.37982
0.378055
0.376292
0.374531
0.372772
0.371014
0.369258
0.367504
0.365751
0.364
0.362251
0.360504
0.359709
0.358917
0.358128
0.35734
0.356555
0.355771
0.35499
0.354211
0.353434
0.35266
0.351887
0.349982
0.348079
0.346177
0.344276
0.342377
0.34048
0.338584
0.336689
0.334796
0.33378
0.332766
0.331754
0.330744
0.32974
0.328738
0.327739
0.326655
0.325573
0.324493
0.323417
0.322343
0.321272
0.320204
0.319138
0.31771
0.316285
0.314864
0.313447
0.312033
0.310624
0.309218
0.30789
0.306567
0.305247
0.303931
0.302618
0.301309
0.300004
0.298703
0.297405
0.296037
0.294672
0.29354
0.292413
0.291556
0.290704
0.289856
0.289013
0.288174
0.287402
0.286633
0.285867
0.285105
0.283678
0.282254
0.280835
0.279419
0.277935
0.276457
0.274983
0.273514
0.272051
0.270594
0.269142
0.267602
0.266067
0.264445
0.262829
0.261219
0.259616
0.258019
0.256488
0.254961
0.253438
0.25192
0.250311
0.248707
0.247015
0.245328
0.243854
0.242385
0.240922
0.239465
0.238013
0.236566
0.235126
0.234411
0.2337
0.233898
0.234105
0.234322
0.234548
0.234783
0.235028
0.235281
0.235543
0.235815
0.236122
0.23644
0.236766
0.237102
0.236682
0.236273
0.235873
0.235699
0.235537
0.235387
0.235248
0.235151
0.23507
0.23498
0.234903
0.234651
0.234412
0.234185
0.234264
0.234356
0.234398
0.234453
0.234274
0.234125
0.234006
0.233917
0.233857
0.233826
0.233824
0.234364
0.23493
0.235471
0.236037
0.236756
0.237484
0.238222
0.238969
0.239633
0.240095
0.240535
0.242097
0.243626
0.24535
0.247043
0.248667
0.250264
0.251279
0.252276
0.253078
0.253896
0.254728
0.255296
0.255923
0.256698
0.257546
0.258024
0.258584
0.259497
0.260501
0.262099
0.263806
0.265624
0.267619
0.269718
0.272267
0.274901
0.277617
0.280411
0.283011
0.285679
0.288241
0.290647
0.293321
0.295775
0.29849
0.301066
0.303893
0.306347
0.309047
0.311368
0.313932
0.316407
0.318903
0.32142
0.324008
0.326613
0.32816
0.329711
0.331266
0.332826
0.334483
0.336144
0.337289
0.338435
0.339582
0.340731
0.341881
0.343032
0.344184
0.345337
0.346492
0.347554
0.348616
0.350392
0.35217
0.353951
0.355747
0.357546
0.359263
0.360981
0.362701
0.364422
0.366145
0.367869
0.369679
0.371491
0.373303
0.375103
0.376904
0.378706
0.380508
0.382312
0.384117
0.385923
0.38773
0.389615
0.391253
0.392675
0.394314
0.395737
0.397379
0.398803
0.400446
0.401872
0.403516
0.404944
0.405879
0.406816
0.407752
0.408689
0.409626
0.410564
0.411502
0.41244
0.413379
0.414412
0.415446
0.41641
0.417374
0.418339
0.419304
0.420269
0.421234
0.4222
0.423259
0.424318
0.42547
0.426622
0.427775
0.428733
0.429619
0.430577
0.431463
0.432422
0.433308
0.434357
0.435335
0.435805
0.436096
0.436504
0.436732
0.43714
0.437368
0.437775
0.438004
0.438411
0.438411
0.438411
0.438411
0.438411
0.438411
0.438411
0.438411
0.438411
0.438411
0.438411
0.438411
0.439047
0.439684
0.440865
0.442047
0.443229
0.444411
0.445594
0.446737
0.447881
0.449025
0.450168
0.450598
0.451028
0.450912
0.450796
0.450681
0.450565
0.45045
0.450335
0.45022
0.450106
0.449991
0.449806
0.449622
0.449097
0.448575
0.448054
0.447534
0.447017
0.444756
0.442529
0.440334
0.438171
0.437066
0.435993
0.435124
0.434292
0.433496
0.432735
0.43201
0.431697
0.431412
0.431065
0.430745
0.429424
0.42813
0.426657
0.425206
0.423775
0.422366
0.420978
0.419923
0.418884
0.417861
0.416854
0.41565
0.414466
0.413608
0.412778
0.411974
0.411197
0.410448
0.409853
0.409285
0.408744
0.408229
0.407796
0.407393
0.407019
0.406676
0.406363
0.406081
0.40583
0.40561
0.405422
0.405265
0.40514
0.405098
0.405091
0.404676
0.404288
0.403927
0.403594
0.403288
0.400613
0.397987
0.395411
0.392883
0.390405
0.387975
0.385507
0.383085
0.38071
0.378382
0.376101
0.373735
0.371415
0.369143
0.366917
0.364547
0.362222
0.359894
0.35761
0.355279
0.352991
0.350745
0.348439
0.346179
0.343964
0.341793
0.33968
0.33761
0.335591
0.333614
0.331677
0.329781
0.327924
0.326106
0.324328
0.321719
0.319144
0.316639
0.314174
0.311764
0.309398
0.307076
0.304798
0.302567
0.300381
0.298243
0.295972
0.293746
0.291566
0.289434
0.287351
0.285319
0.283339
0.281415
0.279548
0.277741
0.275998
0.274321
0.272715
0.271184
0.269734
0.268369
0.267097
0.265924
0.264859
0.26391
0.263088
0.262404
0.26187
0.261499
0.261303
0.261297
0.261492
0.2619
0.262815
0.263953
0.265314
0.266897
0.268695
0.2707
0.2729
0.275634
0.278526
0.281563
0.284731
0.28739
0.290162
0.293037
0.295932
0.298917
0.301985
0.30513
0.308346
0.311626
0.315059
0.318534
0.32205
0.325603
0.329191
0.332812
0.336465
0.340149
0.34386
0.347599
0.351364
0.355154
0.358967
0.362894
0.366842
0.370811
0.374708
0.378623
0.382481
0.386356
0.390247
0.394154
0.398076
0.402013
0.405874
0.40975
0.413639
0.41763
0.421635
0.425732
0.429841
0.433962
0.438096
0.442241
0.446398
0.450566
0.454745
0.458934
0.463134
0.467345
0.471743
0.476152
0.480575
0.485008
0.489449
0.493899
0.497507
0.501121
0.504742
0.508424
0.512114
0.516267
0.520426
0.524592
0.528763
0.532941
0.537125
0.541381
0.545644
0.549912
0.554187
0.558468
0.562754
0.567047
0.571333
0.575625
0.579914
0.584209
0.588587
0.592973
0.597365
0.6001
0.602863
0.605794
0.608749
0.611729
0.614733
0.617748
0.620791
0.623862
0.626961
0.630086
0.629332
0.628592
0.627738
0.6269
0.625991
0.625096
0.624228
0.623373
0.622898
0.622436
0.621987
0.621356
0.620736
0.62036
0.61999
0.619626
0.619268
0.618916
0.61857
0.61823
0.617896
0.617568
0.617247
0.616931
0.616622
0.61632
0.615864
0.615422
0.614993
0.614577
0.613987
0.613411
0.612849
0.612123
0.611409
0.610705
0.610014
0.609334
0.608665
0.607884
0.607114
0.606716
0.606329
0.605952
0.605586
0.605231
0.603739
0.602257
0.599693
0.597141
0.594601
0.592073
0.589632
0.587204
0.584787
0.582382
0.57999
0.578615
0.577253
0.575835
0.574429
0.572973
0.57153
0.5701
0.568682
0.567277
0.565884
0.564505
0.561988
0.559485
0.556827
0.55418
0.55039
0.546611
0.542843
0.539083
0.53533
0.531586
0.52785
0.52406
0.520278
0.516505
0.512741
0.508935
0.505138
0.500763
0.496399
0.492046
0.487921
0.483808
0.479708
0.475621
0.471548
0.467488
0.463494
0.459514
0.455456
0.451412
0.447384
0.443624
0.43988
0.436153
0.432443
0.428821
0.425219
0.421638
0.418076
0.414536
0.411016
0.407519
0.408636
0.409761
0.410893
0.412031
0.413437
0.41485
0.416159
0.417473
0.419587
0.421704
0.423825
0.425801
0.427781
0.429766
0.431755
0.433748
0.435745
0.437906
0.440075
0.442253
0.44444
0.446636
0.44884
0.451052
0.453273
0.455502
0.45774
0.459986
0.46224
0.464502
0.465792
0.467092
0.468404
0.469614
0.470838
0.472077
0.473329
0.474688
0.476061
0.477448
0.478848
0.480172
0.481509
0.482859
0.484368
0.485884
0.487105
0.488331
0.489562
0.490798
0.491725
0.492653
0.493674
0.494697
0.495723
0.496615
0.497511
0.498412
0.499317
0.50032
0.501328
0.502339
0.503355
0.504283
0.505215
0.50615
0.506814
0.507486
0.508165
0.508851
0.509546
0.510247
0.511336
0.512433
0.514437
0.516446
0.518458
0.520473
0.522493
0.524515
0.526541
0.528571
0.530604
0.532641
0.534681
0.535656
0.536638
0.537625
0.538619
0.539617
0.540622
0.541632
0.542648
0.543669
0.544612
0.545559
0.546512
0.54747
0.548433
0.549224
0.550022
0.550825
0.551635
0.552451
0.553273
0.554021
0.554775
0.555451
0.556132
0.556818
0.556536
0.556266
0.556008
0.555763
0.556115
0.55648
0.556858
0.557249
0.557654
0.558072
0.558503
0.558658
0.558828
0.558973
0.559132
0.558848
0.558592
0.558364
0.558164
0.558173
0.558209
0.558275
0.558071
0.557896
0.557798
0.557732
0.557608
0.557516
0.557383
0.557283
0.557214
0.557178
0.557174
0.557494
0.557845
0.55817
0.558526
0.55891
0.559325
0.559768
0.56024
0.560384
0.560556
0.560756
0.561
0.561259
0.561531
0.561816
0.562195
0.562587
0.563068
0.563563
0.564431
0.565312
0.566208
0.568234
0.570272
0.572322
0.574382
0.576452
0.578534
0.580546
0.582568
0.58409
0.58562
0.58716
0.586837
0.58654
0.586269
0.586024
0.585804
0.585611
0.585522
0.585459
0.585422
0.58541
0.585424
0.585148
0.584899
0.584568
0.58426
0.584079
0.583919
0.58378
0.583662
0.583565
0.58349
0.583435
0.583707
0.583998
0.584309
0.584638
0.585016
0.585411
0.585824
0.586255
0.586703
0.587169
0.587652
0.587856
0.588079
0.588322
0.588583
0.588876
0.589186
0.589514
0.58986
0.590147
0.590451
0.590773
0.587613
0.584479
0.581308
0.578163
0.575045
0.571955
0.568893
0.56586
0.562857
0.559886
0.556947
0.554041
0.551169
0.548333
0.545533
0.542542
0.539595
0.536196
0.532829
0.529495
0.526193
0.522925
0.523016
0.523127
0.523184
0.523261
0.522265
0.521289
0.520361
0.519456
0.518576
0.51772
0.516888
0.512803
0.508753
0.504665
0.500612
0.497688
0.4948
0.492014
0.489272
0.486574
0.483921
0.481315
0.478559
0.475859
0.47322
0.470642
0.466918
0.463259
0.45974
0.456296
0.452929
0.449642
0.446439
0.443314
0.440276
0.437328
0.434474
0.432929
0.431484
0.430231
0.429085
0.428046
0.427118
0.4263
0.425615
0.425044
0.424589
0.424247
0.423832
0.423533
0.422563
0.421649
0.420791
0.419988
0.41924
0.418547
0.417907
0.417815
0.417759
0.416596
0.415467
0.414324
0.413217
0.412146
0.411111
0.410112
0.409149
0.408221
0.407331
0.406476
0.405658
0.404878
0.40433
0.403811
0.403323
0.402864
0.402435
0.402035
0.401666
0.401105
0.400568
0.40135
0.402149
0.402967
0.403802
0.404842
0.4059
0.406975
0.408091
0.409222
0.41037
0.411534
0.411386
0.411261
0.411222
0.411204
0.41121
0.411238
0.411289
0.411364
0.411462
0.410556
0.409675
0.408817
0.407983
0.407174
0.406389
0.405925
0.405483
0.405061
0.404652
0.404266
0.403902
0.403562
0.403175
0.402809
0.402531
0.402274
0.401305
0.400363
0.399449
0.398562
0.397703
0.396872
0.396069
0.395372
0.394705
0.394067
0.393461
0.392265
0.391094
0.389947
0.388825
0.387728
0.387807
0.387911
0.38788
0.387873
0.38789
0.387931
0.387947
0.387986
0.388048
0.388134
0.388244
0.388378
0.388536
0.388718
0.388925
0.389156
0.389413
0.38975
0.390114
0.390505
0.39085
0.391219
0.390349
0.389504
0.388684
0.387889
0.387119
0.386375
0.385729
0.385109
0.384517
0.383952
0.383415
0.382905
0.382423
0.381969
0.381542
0.382237
0.382961
0.383712
0.384492
0.385299
0.386136
0.387
0.387894
0.388816
0.389766
0.390746
0.391688
0.392659
0.393659
0.394688
0.395746
0.395867
0.396011
0.39618
0.396373
0.39659
0.396831
0.397097
0.397387
0.397194
0.397022
0.396871
0.397399
0.397939
0.39849
0.399051
0.399624
0.400207
0.4008
0.401404
0.402078
0.402761
0.403453
0.404153
0.404861
0.405578
0.406303
0.407036
0.407778
0.408528
0.409285
0.410051
0.410825
0.411607
0.412524
0.413451
0.414385
0.415266
0.416186
0.417083
0.417952
0.418798
0.419684
0.420547
0.42145
0.420425
0.419458
0.418458
0.417515
0.416566
0.415676
0.41478
0.413943
0.413101
0.412317
0.411529
0.410799
0.410066
0.409391
0.408712
0.408031
0.407379
0.406754
0.406157
0.405589
0.40505
0.404539
0.404057
0.403603
0.403179
0.402783
0.402827
0.401963
0.402051
0.401237
0.401324
0.400512
0.400641
0.399878
0.40005
0.399336
0.399551
0.399417
0.399311
0.399233
0.399184
0.399163
0.39917
0.399205
0.399458
0.399735
0.400038
0.400365
0.400798
0.401255
0.401447
0.401664
0.401908
0.402178
0.402473
0.402794
0.403141
0.403514
0.403913
0.40426
0.404634
0.40495
0.405293
0.405725
0.406185
0.406673
0.407701
0.408739
0.409787
0.410846
0.411914
0.412992
0.413029
0.413077
0.413071
0.413076
0.413091
0.413117
0.413153
0.413134
0.413125
0.412885
0.412658
0.4125
0.412352
0.412214
0.412086
0.411968
0.41186
0.411763
0.412104
0.412465
0.413137
0.413826
0.414655
0.415535
0.416471
0.417467
0.418527
0.419706
0.420964
0.422305
0.423734
0.425257
0.426876
0.428597
0.43042
0.432349
0.434384
0.436524
0.436184
0.435865
0.43566
0.435476
0.435313
0.43517
0.435047
0.434944
0.434928
0.434932
0.434957
0.435002
0.435067
0.435152
0.435257
0.435382
0.435527
0.435692
0.435877
0.435955
0.436051
0.436167
0.436302
0.436456
0.436629
0.43682
0.436829
0.436855
0.436118
0.4354
0.4347
0.434019
0.433356
0.432711
0.432085
0.431477
0.430887
0.430315
0.429761
0.429224
0.428706
0.428152
0.427616
0.427096
0.426302
0.425525
0.424767
0.424026
0.423302
0.422596
0.421908
0.421238
0.420585
0.41995
0.419332
0.420931
0.422561
0.424224
0.425921
0.427571
0.429258
0.432401
0.435564
0.438747
0.441947
0.445165
0.44714
0.449143
0.451172
0.453228
0.454224
0.455238
0.45628
0.457341
0.458368
0.459411
0.460471
0.461546
0.462637
0.46393
0.46524
0.466536
0.467847
0.469115
0.470394
0.471748
0.473114
0.474493
0.476976
0.47946
0.481945
0.484432
0.486927
0.489423
0.491921
0.49442
0.497068
0.499717
0.502367
0.502748
0.503163
0.502902
0.50267
0.502467
0.50229
0.50214
0.502014
0.502004
0.502018
0.502055
0.501838
0.501645
0.502201
0.502783
0.503405
0.504051
0.504763
0.505498
0.506254
0.50703
0.507826
0.508641
0.509474
0.510324
0.511191
0.512075
0.512974
0.513888
0.514817
0.514862
0.514915
0.514974
0.515041
0.515114
0.515194
0.515282
0.515375
0.515476
0.515679
0.515894
0.517203
0.518529
0.519872
0.521481
0.523105
0.524745
0.526399
0.528067
0.52975
0.531441
0.533144
0.535172
0.537209
0.539257
0.541555
0.543863
0.546181
0.548509
0.550861
0.553221
0.555591
0.55797
0.56004
0.56213
0.564241
0.563907
0.563574
0.562566
0.561563
0.560725
0.559894
0.55907
0.558252
0.557092
0.55594
0.554794
0.553656
0.552526
0.550722
0.548923
0.547129
0.545341
0.542358
0.539382
0.536412
0.533448
0.530491
0.527541
0.524598
0.522532
0.520475
0.519104
0.517743
0.516123
0.51451
0.512907
0.511312
0.509726
0.508148
0.506579
0.504935
0.5033
0.50093
0.498567
0.496213
0.493867
0.491529
0.489199
0.486878
0.484564
0.48226
0.480241
0.478228
0.476424
0.474632
0.472851
0.471083
0.469327
0.467583
0.465852
0.464133
0.462427
0.460735
0.459056
0.45739
0.455738
0.4541
0.452476
0.450773
0.449085
0.447412
0.44599
0.444587
0.443203
0.441837
0.440491
0.439165
0.439283
0.439421
0.439579
0.439757
0.439955
0.439685
0.439432
0.439195
0.438975
0.438773
0.438588
0.438421
0.438273
0.438143
0.438032
0.437941
0.437869
0.437818
0.437786
0.437776
0.437694
0.437633
0.437631
0.437652
0.437697
0.437766
0.437859
0.441429
0.44502
0.448632
0.452263
0.455915
0.459585
0.463059
0.466555
0.470073
0.472585
0.475939
0.477283
0.479481
0.480686
0.481926
0.483293
0.484693
0.486126
0.487592
0.48909
0.49062
0.492181
0.49436
0.496561
0.498784
0.501027
0.503196
0.505386
0.507594
0.509822
0.511977
0.514151
0.516343
0.518755
0.521184
0.523629
0.526091
0.528568
0.531061
0.532268
0.533489
0.534724
0.535974
0.537237
0.538983
0.540746
0.54348
0.54623
0.548996
0.551776
0.554572
0.557383
0.560207
0.563047
0.5659
0.568767
0.571648
0.574468
0.577301
0.579388
0.581487
0.583597
0.585718
0.58785
0.589993
0.592146
0.590262
0.588397
0.58655
0.584721
0.583008
0.581301
0.57963
0.577967
0.576311
0.574662
0.57302
0.572994
0.572978
0.572972
0.572976
0.573067
0.573169
0.573317
0.573475
0.573642
0.573819
0.574006
0.57409
0.574222
0.574404
0.574634
0.574915
0.575245
0.575684
0.576178
0.575572
0.575014
0.574502
0.574037
0.573617
0.57331
0.573049
0.572664
0.572322
0.572195
0.572112
0.572074
0.572077
0.572123
0.572487
0.572886
0.573319
0.573787
0.574288
0.574821
0.575965
0.577139
0.578343
0.579576
0.580837
0.582126
0.583442
0.584785
0.586154
0.587549
0.588969
0.590465
0.591985
0.593529
0.595095
0.596685
0.598298
0.599933
0.601186
0.60246
0.60385
0.605263
0.606697
0.608153
0.609631
0.611131
0.612651
0.612697
0.612767
0.612023
0.611303
0.610074
0.608851
0.607634
0.606422
0.605342
0.604272
0.603211
0.60216
0.60112
0.600062
0.599015
0.598054
0.597105
0.596166
0.59524
0.594325
0.593422
0.592531
0.591652
0.590787
0.590213
0.589658
0.589122
0.588605
0.588107
0.58763
0.586963
0.58631
0.585673
0.585051
0.584217
0.583346
0.582543
0.581785
0.581096
0.580371
0.579715
0.580281
0.58092
0.581526
0.580033
0.578496
0.576943
0.575348
0.57366
0.571928
0.569979
0.568349
0.566468
0.564907
0.563044
0.561258
0.559167
0.557397
0.555321
0.553567
0.551506
0.549768
0.547723
0.546001
0.543971
0.542267
0.540505
0.539072
0.537329
0.535917
0.534194
0.532803
0.530717
0.528641
0.52643
0.524232
0.522048
0.519613
0.51719
0.514699
0.512219
0.50975
0.507292
0.505695
0.504109
0.502658
0.501217
0.499784
0.498359
0.496944
0.49562
0.494305
0.493
0.491705
0.490118
0.488541
0.486809
0.485091
0.483387
0.481698
0.480023
0.478363
0.476718
0.475162
0.473621
0.472095
0.470585
0.46909
0.46761
0.466146
0.464698
0.463266
0.46185
0.46045
0.458863
0.457292
0.455738
0.4542
0.452679
0.451174
0.449687
0.448216
0.446763
0.445152
0.443557
0.442341
0.441142
0.439961
0.438799
0.437654
0.436529
0.435423
0.434337
0.43327
0.432225
0.431202
0.430201
0.429224
0.428272
0.427347
0.426478
0.42564
0.424835
0.424928
0.425264
0.426084
0.427071
0.428423
0.429836
0.4313
0.432802
0.434339
0.435904
0.437493
0.439106
0.440738
0.442955
0.44519
0.446378
0.447583
0.448632
0.4497
0.450786
0.451891
0.453013
0.453023
0.45304
0.453118
0.453204
0.453297
0.453399
0.453678
0.453963
0.45428
0.454605
0.454937
0.455276
0.455623
0.455978
0.45634
0.45671
0.457088
0.457473
0.457866
0.458267
0.458675
0.459091
0.459515
0.459946
0.460432
0.460925
0.461338
0.461758
0.462187
0.462624
0.463068
0.463521
0.463981
0.46445
0.464927
0.465412
0.465904
0.466587
0.467277
0.467976
0.468683
0.46942
0.470166
0.470921
0.471684
0.472456
0.473237
0.474026
0.474918
0.475819
0.476729
0.477647
0.478574
0.47951
0.480454
0.481112
0.481778
0.48245
0.483129
0.483816
0.484509
0.485209
0.485916
0.486603
0.487296
0.487995
0.488701
0.489414
0.490133
0.490859
0.491591
0.492329
0.493074
0.493825
0.494543
0.495266
0.495995
0.496731
0.497473
0.497783
0.498099
0.49842
0.498748
0.498959
0.49917
0.49895
0.49873
0.49851
0.49829
0.498071
0.497852
0.497633
0.497415
0.497197
0.497188
0.497182
0.496211
0.495245
0.494284
0.497005
0.499772
0.501611
0.503489
0.505406
0.507359
0.507983
0.508643
0.50934
0.510071
0.510835
0.511633
0.512461
0.51332
0.514208
0.515124
0.516068
0.517038
0.518032
0.519051
0.520094
0.521158
0.521924
0.522717
0.523537
0.524382
0.524371
0.524385
0.524369
0.524377
0.52441
0.524467
0.524548
0.524653
0.524782
0.524935
0.525111
0.525311
0.525534
0.525744
0.525975
0.526222
0.526489
0.526777
0.527084
0.52741
0.527754
0.528118
0.5285
0.528901
0.52932
0.529757
0.530246
0.530753
0.531279
0.531822
0.532383
0.532975
0.533584
0.53421
0.534853
0.535406
0.535975
0.536598
0.537238
0.537895
0.53711
0.536363
0.535724
0.535124
0.534749
0.534413
0.534162
0.53395
0.533779
0.533647
0.533554
0.5335
0.533484
0.533506
0.533567
0.533665
0.5338
0.533972
0.53418
0.534486
0.534828
0.535208
0.53678
0.53836
0.54001
0.541668
0.542386
0.543111
0.543893
0.544683
0.54548
0.546285
0.547098
0.547832
0.54858
0.549581
0.550593
0.551552
0.552523
0.553504
0.554495
0.555758
0.55703
0.55831
0.559598
0.560895
0.562199
0.563511
0.564724
0.565943
0.567233
0.568531
0.569662
0.570799
0.571943
0.573094
0.574251
0.575327
0.576409
0.577498
0.578593
0.579626
0.580665
0.581886
0.583112
0.584345
0.585521
0.586705
0.587987
0.589277
0.590533
0.591797
0.59307
0.594351
0.595641
0.596939
0.598245
0.599634
0.60103
0.602432
0.603841
0.605255
0.606677
0.608175
0.60968
0.611285
0.612896
0.614514
0.61201
0.609527
0.607065
0.604626
0.602208
0.599813
0.597299
0.594806
0.592148
0.589511
