10000
0.296306
0.297015
0.293173
0.289403
0.285618
0.281835
0.278054
0.274273
0.270493
0.266715
0.262938
0.259163
0.255389
0.254162
0.252938
0.251717
0.250498
0.249283
0.248071
0.246861
0.245655
0.244452
0.243253
0.242056
0.240863
0.239673
0.238487
0.237304
0.236124
0.234948
0.233776
0.232607
0.231443
0.230281
0.229124
0.227971
0.226821
0.225676
0.224534
0.223397
0.222264
0.221135
0.220011
0.218891
0.217775
0.216664
0.215557
0.214456
0.213175
0.211903
0.210639
0.209385
0.208139
0.206903
0.205675
0.204457
0.203249
0.202051
0.200862
0.199842
0.198829
0.197821
0.196819
0.195824
0.194835
0.193853
0.192877
0.191908
0.190945
0.189989
0.18904
0.188099
0.187164
0.186237
0.185317
0.184404
0.1835
0.182602
0.181713
0.180832
0.179958
0.179448
0.178939
0.178432
0.177927
0.177424
0.176922
0.176422
0.175924
0.175428
0.170364
0.1653
0.160467
0.155636
0.150806
0.145978
0.141152
0.136327
0.131505
0.126685
0.121868
0.122109
0.12235
0.122592
0.122834
0.123078
0.123321
0.123566
0.123811
0.124057
0.124304
0.124551
0.124551
0.124551
0.124551
0.124551
0.124551
0.124551
0.124551
0.124551
0.124551
0.124551
0.124551
0.12396
0.123371
0.12254
0.121714
0.120892
0.120075
0.119264
0.118457
0.117656
0.116859
0.116069
0.11462
0.113182
0.117151
0.121147
0.125168
0.129213
0.133278
0.137362
0.141463
0.145581
0.149712
0.154469
0.159232
0.164286
0.169364
0.174462
0.17958
0.184716
0.189868
0.195035
0.200216
0.20541
0.21104
0.216674
0.22234
0.228017
0.233705
0.239402
0.24511
0.250825
0.256549
0.26228
0.268019
0.274014
0.28001
0.286006
0.292002
0.297998
0.303994
0.309991
0.315987
0.321984
0.327981
0.333978
0.33994
0.345903
0.351867
0.357831
0.363797
0.369763
0.37573
0.381697
0.387665
0.393634
0.399604
0.405603
0.411602
0.417601
0.423601
0.4296
0.435599
0.441599
0.447598
0.453597
0.459597
0.465596
0.471577
0.477558
0.48354
0.489521
0.495503
0.501485
0.507467
0.513449
0.519431
0.525413
0.531396
0.537378
0.543361
0.548811
0.554269
0.559734
0.565205
0.570683
0.576168
0.581659
0.587157
0.59266
0.598023
0.603396
0.60856
0.613737
0.618926
0.624128
0.629342
0.634568
0.639806
0.645055
0.650315
0.655462
0.660622
0.660744
0.660875
0.661017
0.661169
0.66133
0.661501
0.661682
0.661873
0.662073
0.660809
0.659571
0.658573
0.657606
0.656671
0.655766
0.654893
0.654052
0.653242
0.652464
0.651717
0.650669
0.649654
0.653782
0.65793
0.662095
0.666279
0.670481
0.6747
0.678937
0.68319
0.68746
0.691401
0.695359
0.699389
0.703432
0.707489
0.711558
0.71564
0.719735
0.723842
0.727961
0.732092
0.737601
0.743114
0.74863
0.754148
0.759669
0.765193
0.770719
0.776248
0.78178
0.787314
0.792851
0.798143
0.803441
0.8072
0.810959
0.814719
0.81848
0.822241
0.826003
0.829765
0.833528
0.837291
0.840795
0.844298
0.849192
0.854088
0.858985
0.863885
0.868787
0.87369
0.878595
0.883502
0.888411
0.893976
0.899547
0.905123
0.910704
0.91629
0.921881
0.927478
0.933079
0.938685
0.944295
0.949911
0.953826
0.957745
0.961668
0.965594
0.969525
0.973459
0.977398
0.98134
0.985285
0.989234
0.993187
0.996785
1.00039
1.00076
1.00113
1.0015
1.00187
1.00224
1.00261
1.00298
1.00335
1.00372
1.00189
1.00007
0.997881
0.995689
0.993498
0.991307
0.989115
0.986924
0.984733
0.982542
0.980351
0.97816
0.975969
0.977516
0.979071
0.980634
0.982205
0.983784
0.985371
0.986966
0.988569
0.99018
0.991475
0.992777
0.989564
0.986351
0.983138
0.979925
0.976712
0.973499
0.970286
0.967073
0.96386
0.963168
0.962477
0.961786
0.961095
0.960404
0.959714
0.959023
0.958332
0.957642
0.956951
0.956261
0.955571
0.954881
0.954191
0.953501
0.952811
0.952121
0.951432
0.950742
0.950053
0.949363
0.948674
0.947617
0.946561
0.944665
0.94277
0.940877
0.938985
0.937095
0.935206
0.933318
0.931432
0.929547
0.927289
0.925032
0.92394
0.922847
0.921755
0.920662
0.91957
0.918477
0.917385
0.916293
0.915201
0.914109
0.913017
0.910267
0.907533
0.904813
0.90211
0.899422
0.894334
0.891456
0.886388
0.883537
0.87827
0.873012
0.869627
0.866243
0.86286
0.859479
0.856098
0.852719
0.849341
0.845964
0.842588
0.841853
0.841117
0.838778
0.836463
0.834173
0.831907
0.829666
0.82745
0.825259
0.823093
0.820953
0.817014
0.813097
0.810901
0.808705
0.80651
0.804314
0.802119
0.799924
0.797729
0.795533
0.793338
0.790822
0.788307
0.785792
0.783276
0.780762
0.778247
0.775733
0.773219
0.770705
0.768191
0.765678
0.765308
0.764939
0.768285
0.771638
0.774999
0.778367
0.781741
0.785123
0.787485
0.789187
0.791559
0.791665
0.791771
0.791837
0.791907
0.791981
0.79206
0.792143
0.79223
0.792322
0.792418
0.792519
0.792509
0.792502
0.792498
0.792496
0.792498
0.792502
0.792509
0.792519
0.792532
0.792547
0.792566
0.792511
0.792457
0.792296
0.792137
0.79198
0.791827
0.791676
0.791528
0.791383
0.791241
0.791101
0.791048
0.790999
0.791113
0.791228
0.791345
0.791463
0.791583
0.791704
0.791827
0.791952
0.792078
0.792206
0.792335
0.792469
0.792604
0.792739
0.792876
0.793012
0.79315
0.793288
0.793427
0.793567
0.793707
0.793848
0.79399
0.794132
0.794275
0.794419
0.794563
0.794708
0.794854
0.795001
0.795148
0.795296
0.795444
0.794083
0.792737
0.791408
0.790095
0.788799
0.787519
0.786255
0.785009
0.783778
0.788262
0.79276
0.797271
0.801796
0.806334
0.810885
0.815449
0.820025
0.824614
0.829215
0.833828
0.838349
0.842885
0.847435
0.851999
0.856576
0.861167
0.865091
0.866313
0.87026
0.871503
0.875473
0.876603
0.880465
0.881621
0.88551
0.88669
0.890606
0.891811
0.895753
0.896982
0.90095
0.902202
0.906195
0.907471
0.907834
0.908205
0.908585
0.908974
0.909372
0.909779
0.910196
0.910621
0.911055
0.911348
0.911652
0.911968
0.912295
0.912632
0.912982
0.913342
0.913713
0.914096
0.91449
0.914895
0.910289
0.905699
0.901126
0.89657
0.892031
0.887509
0.883005
0.878518
0.87405
0.8696
0.865169
0.86032
0.855484
0.854458
0.85345
0.85246
0.851489
0.850537
0.849604
0.848689
0.847794
0.846917
0.84606
0.845221
0.840114
0.835019
0.829936
0.824866
0.819808
0.814762
0.80973
0.804711
0.799706
0.794714
0.789736
0.784773
0.779824
0.77489
0.769972
0.765068
0.760181
0.755309
0.750454
0.745615
0.740794
0.73599
0.736251
0.736527
0.736816
0.737119
0.737437
0.737768
0.738113
0.738471
0.738844
0.73901
0.739187
0.739376
0.739575
0.739786
0.740008
0.740242
0.740486
0.740742
0.741009
0.741287
0.741577
0.741877
0.742189
0.742511
0.742845
0.74319
0.743546
0.743913
0.744291
0.74468
0.745081
0.745492
0.745914
0.746347
0.746791
0.747246
0.747712
0.748188
0.748676
0.749174
0.749684
0.750204
0.750734
0.751276
0.750432
0.749615
0.748826
0.748065
0.747332
0.746626
0.745949
0.7453
0.744678
0.743845
0.743037
0.741925
0.740841
0.739784
0.738754
0.737752
0.736778
0.735831
0.734912
0.734021
0.733159
0.732324
0.728306
0.724315
0.720351
0.716415
0.712506
0.708626
0.704775
0.700953
0.697161
0.6934
0.689669
0.684601
0.679536
0.674473
0.669414
0.664358
0.659305
0.654255
0.649209
0.644166
0.639126
0.63409
0.629004
0.623923
0.618848
0.613779
0.608716
0.60366
0.59861
0.593567
0.588531
0.583502
0.57848
0.573472
0.568475
0.563489
0.558514
0.553551
0.548599
0.54366
0.538733
0.533819
0.528918
0.524031
0.519231
0.51445
0.509688
0.504946
0.500223
0.495522
0.490841
0.486183
0.481547
0.476935
0.472346
0.467927
0.463539
0.459183
0.454859
0.450569
0.446313
0.442093
0.437909
0.433763
0.429655
0.425587
0.422035
0.418538
0.415097
0.411714
0.408389
0.405124
0.401921
0.398781
0.395706
0.392359
0.389076
0.386177
0.383349
0.380596
0.377917
0.375316
0.372793
0.37035
0.367988
0.36571
0.363516
0.361409
0.361243
0.361168
0.361182
0.361287
0.361481
0.361766
0.36214
0.362604
0.363157
0.363798
0.364528
0.36597
0.367486
0.369077
0.370739
0.372474
0.374279
0.376154
0.378098
0.380109
0.382187
0.38433
0.386537
0.388808
0.391141
0.393535
0.395989
0.398502
0.401073
0.4037
0.406383
0.40912
0.411911
0.415081
0.418287
0.421531
0.42481
0.428124
0.431472
0.434853
0.438267
0.441712
0.445188
0.448695
0.452231
0.455796
0.45939
0.46301
0.466658
0.470332
0.474032
0.477756
0.481506
0.485279
0.489075
0.489075
0.489075
0.489075
0.489075
0.489075
0.489075
0.489075
0.489075
0.489075
0.489075
0.489075
0.489442
0.48981
0.490177
0.490545
0.490912
0.49128
0.491647
0.492015
0.492383
0.493105
0.493827
0.494549
0.495271
0.495993
0.496716
0.497438
0.498161
0.498884
0.499607
0.500329
0.501052
0.501775
0.502499
0.503222
0.503945
0.504668
0.505392
0.506116
0.506839
0.507563
0.508287
0.509348
0.510409
0.511471
0.512533
0.513595
0.514657
0.51572
0.516783
0.517846
0.518909
0.519973
0.521352
0.522732
0.523743
0.524754
0.525766
0.526779
0.527792
0.528805
0.529819
0.530833
0.531848
0.531482
0.531182
0.533441
0.535755
0.538121
0.540539
0.543009
0.545529
0.548099
0.550719
0.553387
0.555733
0.558127
0.560568
0.563057
0.565593
0.568175
0.570802
0.573473
0.576189
0.578948
0.581751
0.584223
0.586737
0.589294
0.591892
0.594531
0.597211
0.599931
0.60269
0.605487
0.608323
0.611197
0.614108
0.617056
0.6198
0.622585
0.62541
0.628273
0.631175
0.634116
0.637094
0.640108
0.64316
0.646604
0.650082
0.653594
0.657138
0.660714
0.664321
0.66796
0.671629
0.675329
0.679058
0.682816
0.686603
0.690417
0.693899
0.697381
0.700864
0.704347
0.70783
0.711314
0.714798
0.718283
0.721768
0.725254
0.72874
0.731629
0.734519
0.737408
0.740298
0.743187
0.746077
0.748967
0.751856
0.754746
0.75729
0.759835
0.763149
0.766492
0.769865
0.773267
0.776697
0.780155
0.783642
0.787155
0.790696
0.793543
0.796418
0.797542
0.798666
0.79979
0.800914
0.802038
0.803162
0.804286
0.80541
0.806534
0.807658
0.808783
0.811688
0.814621
0.817581
0.820569
0.823584
0.826625
0.829693
0.832787
0.835907
0.839052
0.842222
0.84297
0.843718
0.844466
0.845214
0.845962
0.84671
0.847458
0.848206
0.848954
0.849702
0.85045
0.85364
0.856855
0.860094
0.863357
0.866644
0.869954
0.873287
0.876643
0.880021
0.883422
0.886845
0.888698
0.890552
0.892405
0.894258
0.896112
0.897965
0.899819
0.901672
0.903526
0.905379
0.907232
0.907232
0.907232
0.907233
0.907233
0.907233
0.907233
0.907233
0.907233
0.907233
0.907233
0.907233
0.908724
0.910215
0.911706
0.913198
0.914689
0.91618
0.917671
0.919163
0.920654
0.922145
0.923636
0.924004
0.924371
0.924739
0.925106
0.925474
0.925841
0.926208
0.926576
0.926943
0.927311
0.927678
0.928421
0.929163
0.92792
0.928375
0.927133
0.927588
0.926346
0.926801
0.925561
0.926016
0.924776
0.923251
0.921726
0.920203
0.918681
0.917161
0.915641
0.914123
0.912606
0.911091
0.90921
0.907331
0.905453
0.903577
0.901703
0.89983
0.897958
0.896088
0.89422
0.892353
0.890487
0.888623
0.886761
0.884901
0.883042
0.881184
0.879328
0.877474
0.875622
0.873771
0.871922
0.870074
0.868229
0.866385
0.864542
0.862702
0.860863
0.859025
0.85719
0.855356
0.853524
0.851694
0.849866
0.84804
0.846215
0.844392
0.842571
0.840752
0.838935
0.837119
0.835306
0.833494
0.831685
0.829877
0.828071
0.826267
0.825518
0.824807
0.824132
0.823494
0.822894
0.822331
0.821806
0.821319
0.820868
0.820807
0.820782
0.819872
0.818963
0.818053
0.817145
0.816237
0.815329
0.814423
0.813516
0.81261
0.812034
0.811458
0.810882
0.810306
0.809731
0.809156
0.808581
0.808007
0.807433
0.806859
0.806286
0.806286
0.806286
0.807536
0.808787
0.810039
0.811291
0.812544
0.813799
0.815054
0.816309
0.817566
0.819063
0.820561
0.822061
0.823562
0.825064
0.826568
0.828074
0.829581
0.831089
0.832599
0.83411
0.835622
0.837136
0.838651
0.840167
0.841685
0.843205
0.844725
0.846247
0.84777
0.849295
0.850821
0.848295
0.845769
0.843244
0.840719
0.838194
0.835669
0.833144
0.83062
0.828095
0.825571
0.823047
0.820226
0.817404
0.812756
0.808123
0.803507
0.798908
0.794326
0.789761
0.785214
0.780685
0.776175
0.771683
0.76721
0.762756
0.758322
0.753908
0.749514
0.745141
0.74079
0.736459
0.73215
0.727864
0.7236
0.71936
0.719143
0.718962
0.718816
0.718706
0.718632
0.718594
0.718591
0.718624
0.718693
0.718797
0.718938
0.719113
0.719325
0.719572
0.719854
0.720173
0.720526
0.720915
0.72134
0.721799
0.721969
0.72217
0.722405
0.722672
0.722971
0.723303
0.723668
0.724064
0.724493
0.724955
0.725448
0.726312
0.727211
0.728143
0.72911
0.730111
0.731145
0.732213
0.733152
0.733207
0.734206
0.734313
0.734553
0.734819
0.735111
0.735429
0.735772
0.736142
0.736537
0.736958
0.737405
0.737877
0.738375
0.739216
0.740085
0.738682
0.737322
0.736005
0.734732
0.733503
0.732318
0.731177
0.730081
0.729029
0.728022
0.727061
0.725025
0.723032
0.721084
0.719181
0.717323
0.715509
0.713742
0.71202
0.710345
0.708716
0.707135
0.70709
0.707091
0.707138
0.707232
0.707371
0.707556
0.707788
0.708065
0.708388
0.707179
0.705972
0.703662
0.701353
0.699046
0.696741
0.694437
0.692136
0.689836
0.687538
0.685241
0.682947
0.680654
0.678363
0.676075
0.673788
0.671502
0.669219
0.666938
0.664659
0.662382
0.660107
0.660334
0.660615
0.661325
0.662088
0.662904
0.663773
0.664696
0.66567
0.666697
0.667776
0.668907
0.67009
0.671324
0.672609
0.673945
0.675331
0.676767
0.678253
0.679789
0.681374
0.683008
0.68469
0.68642
0.688198
0.689295
0.690442
0.691639
0.692886
0.694182
0.695528
0.696922
0.698365
0.699856
0.697997
0.696141
0.695328
0.694516
0.693704
0.692894
0.692084
0.691276
0.690468
0.689661
0.688855
0.68805
0.687245
0.686442
0.68564
0.684838
0.684038
0.683238
0.682439
0.681641
0.680844
0.680048
0.679253
0.678459
0.677666
0.676873
0.676082
0.675292
0.674502
0.673714
0.672926
0.67214
0.671354
0.670569
0.669785
0.669297
0.668809
0.668321
0.667834
0.667347
0.666861
0.666375
0.66589
0.665405
0.664921
0.664437
0.663393
0.662377
0.661388
0.660427
0.659493
0.658587
0.657708
0.656858
0.656036
0.655242
0.654476
0.651212
0.647982
0.644786
0.641625
0.638499
0.635409
0.632356
0.629339
0.62636
0.623189
0.620052
0.617322
0.614628
0.611971
0.60935
0.606767
0.604221
0.601713
0.599244
0.596815
0.594425
0.592075
0.589389
0.586745
0.584141
0.58158
0.579061
0.576585
0.574152
0.571764
0.56942
0.566875
0.564372
0.56482
0.565283
0.565761
0.566252
0.566758
0.567278
0.567813
0.568362
0.568925
0.569502
0.570093
0.569534
0.568977
0.56842
0.567863
0.567306
0.566751
0.566195
0.56564
0.565086
0.564307
0.563529
0.562433
0.561339
0.560247
0.559156
0.558068
0.556981
0.555896
0.554813
0.553732
0.552653
0.551576
0.550816
0.550057
0.5493
0.548544
0.547789
0.547035
0.546283
0.545532
0.544782
0.544034
0.543287
0.542979
0.542693
0.542431
0.542191
0.541974
0.541779
0.541608
0.54146
0.541334
0.541464
0.541622
0.541806
0.542017
0.542255
0.542519
0.542811
0.543129
0.543474
0.543846
0.544244
0.544415
0.544607
0.541548
0.538531
0.535558
0.53263
0.529747
0.52691
0.52412
0.521377
0.518683
0.516037
0.513442
0.514322
0.515214
0.516116
0.51703
0.517955
0.518891
0.519837
0.520795
0.521763
0.522741
0.523731
0.524694
0.525672
0.526663
0.527668
0.528688
0.529721
0.530768
0.531828
0.532902
0.533989
0.53509
0.532728
0.530419
0.528164
0.525963
0.523818
0.521728
0.519695
0.517719
0.515802
0.513942
0.512142
0.510402
0.508722
0.507104
0.505546
0.504052
0.502619
0.501251
0.499945
0.498705
0.497529
0.496418
0.495373
0.494394
0.493482
0.492636
0.491858
0.491147
0.490504
0.489929
0.489423
0.488985
0.488615
0.488678
0.488808
0.489004
0.489266
0.489595
0.48999
0.490452
0.490979
0.491572
0.49223
0.492953
0.494874
0.496839
0.498848
0.500901
0.502995
0.505132
0.507311
0.50953
0.511791
0.514091
0.51643
0.517095
0.517826
0.518623
0.519486
0.520414
0.521407
0.522465
0.523587
0.524773
0.526397
0.528083
0.531363
0.534674
0.538016
0.541388
0.544791
0.548222
0.551683
0.555171
0.558688
0.563808
0.568944
0.571985
0.575067
0.578189
0.58135
0.58455
0.587788
0.591063
0.594374
0.597722
0.598837
0.599952
0.601418
0.602883
0.604348
0.605814
0.60728
0.608745
0.610211
0.611677
0.613144
0.614984
0.616824
0.618313
0.619803
0.621292
0.622782
0.624271
0.625761
0.62725
0.62874
0.630229
0.630969
0.631708
0.632798
0.633889
0.634979
0.63607
0.637161
0.638251
0.639342
0.640434
0.641525
0.642616
0.643708
0.644799
0.645891
0.646983
0.648075
0.649167
0.650259
0.651351
0.652443
0.653536
0.654254
0.654972
0.651649
0.648331
0.645019
0.641713
0.638412
0.635117
0.631828
0.628545
0.625269
0.621998
0.618734
0.61562
0.61251
0.609404
0.606304
0.603207
0.600116
0.597029
0.593948
0.590871
0.587799
0.584733
0.581672
0.578616
0.575565
0.57252
0.56948
0.566446
0.563418
0.560396
0.557379
0.554369
0.551365
0.548247
0.545139
0.542039
0.538949
0.535868
0.532797
0.529736
0.526685
0.523643
0.520613
0.517592
0.515252
0.512913
0.510577
0.508243
0.50591
0.50358
0.501253
0.498927
0.496604
0.494283
0.491964
0.489647
0.487333
0.485022
0.482713
0.480406
0.478102
0.4758
0.473501
0.471205
0.468911
0.46662
0.464584
0.462549
0.460516
0.458484
0.456454
0.454426
0.452399
0.450374
0.448351
0.44633
0.44431
0.44431
0.44431
0.44431
0.44431
0.44431
0.44431
0.44431
0.44431
0.44431
0.44431
0.44431
0.442292
0.440276
0.438262
0.43625
0.434239
0.432231
0.430225
0.42822
0.426218
0.424217
0.422219
0.420801
0.419383
0.417966
0.416549
0.415133
0.413718
0.412303
0.410888
0.409474
0.407684
0.405895
0.404106
0.402317
0.40053
0.398742
0.396956
0.39517
0.393385
0.3916
0.389816
0.385154
0.380507
0.376555
0.372625
0.368716
0.36483
0.360967
0.357129
0.353316
0.349528
0.345767
0.342077
0.338403
0.334746
0.331106
0.327484
0.323881
0.320297
0.316732
0.313188
0.309666
0.306165
0.302748
0.299348
0.293942
0.288555
0.283189
0.277844
0.272521
0.267223
0.26195
0.256703
0.251486
0.24684
0.242254
0.237999
0.233819
0.229719
0.225704
0.221777
0.217945
0.214211
0.210581
0.207061
0.203656
0.200373
0.197216
0.194193
0.19131
0.188573
0.185988
0.183562
0.181302
0.179213
0.177303
0.175575
0.174037
0.170932
0.16783
0.164733
0.161641
0.158554
0.155471
0.152395
0.149324
0.146259
0.143201
0.14015
0.137106
0.13407
0.131043
0.128025
0.125017
0.12202
0.119033
0.116059
0.113099
0.110527
0.107972
0.105435
0.102916
0.100416
0.0979389
0.0954846
0.0930553
0.0906532
0.0882802
0.085939
0.0855437
0.0851532
0.0891256
0.0933014
0.0976545
0.102162
0.106805
0.111566
0.116431
0.121387
0.126423
0.131531
0.136702
0.142141
0.14762
0.153134
0.15868
0.164254
0.169854
0.175478
0.181122
0.186786
0.192467
0.198163
0.203875
0.2096
0.215337
0.221086
0.226845
0.232614
0.238392
0.244178
0.249972
0.255714
0.261467
0.26723
0.273002
0.278784
0.284574
0.290373
0.296178
0.301991
0.307811
0.313637
0.319385
0.325141
0.330275
0.335413
0.340554
0.345698
0.350846
0.355998
0.361152
0.366309
0.371469
0.376632
0.381798
0.386966
0.392136
0.397308
0.402483
0.40766
0.412839
0.41802
0.423203
0.428387
0.433574
0.438762
0.444165
0.449568
0.454972
0.460376
0.465781
0.471187
0.476593
0.481999
0.487406
0.491
0.494597
0.498198
0.501802
0.505409
0.509019
0.512632
0.516249
0.519868
0.523491
0.527116
0.530744
0.534375
0.538008
0.541644
0.545283
0.548924
0.552568
0.556214
0.559862
0.563513
0.567166
0.570821
0.574479
0.578601
0.582741
0.586899
0.591075
0.595267
0.599477
0.603703
0.607945
0.612203
0.612764
0.613333
0.609694
0.606089
0.602518
0.598983
0.595483
0.59202
0.588593
0.585205
0.581854
0.583164
0.584512
0.585549
0.586621
0.587727
0.588868
0.590043
0.591251
0.592493
0.593768
0.595077
0.596605
0.598162
0.603861
0.609562
0.615264
0.620969
0.626676
0.632385
0.638096
0.643808
0.649523
0.650478
0.65144
0.652414
0.653396
0.654387
0.655386
0.656394
0.65741
0.658434
0.659467
0.660508
0.666476
0.672445
0.673198
0.673959
0.674729
0.675508
0.676296
0.677093
0.677898
0.678712
0.679535
0.677257
0.675017
0.672816
0.670654
0.668532
0.66645
0.664408
0.662407
0.660447
0.658528
0.656652
0.65444
0.652271
0.650145
0.648062
0.646023
0.644028
0.642077
0.640172
0.638312
0.636497
0.634729
0.633007
0.631332
0.63423
0.637134
0.639447
0.639872
0.642186
0.642611
0.644927
0.645351
0.647669
0.64791
0.648161
0.648422
0.648693
0.648974
0.649264
0.649565
0.649876
0.650196
0.650527
0.650867
0.650777
0.650687
0.650286
0.649886
0.649488
0.649091
0.648697
0.648304
0.647913
0.647523
0.647135
0.647135
0.647135
0.646922
0.646708
0.646495
0.646282
0.646069
0.645857
0.645644
0.645432
0.645219
0.646946
0.648707
0.650709
0.652741
0.654802
0.656893
0.659012
0.661161
0.663338
0.665544
0.667777
0.667966
0.668155
0.663842
0.659529
0.655218
0.650907
0.646597
0.642288
0.63798
0.633673
0.629367
0.627562
0.625805
0.625118
0.624488
0.623913
0.623395
0.622934
0.622529
0.622181
0.621889
0.621655
0.621477
0.621356
0.619364
0.617411
0.615496
0.61362
0.611784
0.609987
0.608231
0.606515
0.60484
0.603206
0.601613
0.600342
0.599118
0.59794
0.596809
0.595726
0.59469
0.593702
0.592762
0.591871
0.591028
0.590233
0.5941
0.597978
0.601867
0.605765
0.609674
0.613593
0.617521
0.621459
0.625407
0.628252
0.631107
0.633763
0.636423
0.639089
0.64176
0.644436
0.647117
0.649802
0.652493
0.655188
0.659655
0.664125
0.668417
0.672709
0.677003
0.681298
0.685594
0.68989
0.694188
0.698487
0.702786
0.707087
0.711388
0.715691
0.719994
0.724298
0.728603
0.732908
0.737215
0.741522
0.74583
0.750139
0.754448
0.758759
0.76307
0.767381
0.771694
0.776007
0.78032
0.784635
0.78895
0.793266
0.797582
0.797582
0.797582
0.793266
0.78895
0.784635
0.78032
0.776007
0.771694
0.767381
0.76307
0.758759
0.754261
0.749765
0.745271
0.740778
0.736287
0.731798
0.72731
0.722824
0.718339
0.713857
0.709376
0.704897
0.70042
0.700018
0.699617
0.699217
0.698817
0.698417
0.698018
0.69762
0.697223
0.696826
0.696205
0.695586
0.695146
0.694713
0.694287
0.693867
0.693454
0.693048
0.692649
0.692256
0.691871
0.691438
0.69101
0.690372
0.689741
0.689117
0.688498
0.687887
0.687282
0.686683
0.686091
0.685506
0.684927
0.684355
0.682635
0.680929
0.679237
0.677559
0.675895
0.674246
0.672611
0.67099
0.669385
0.667756
0.666139
0.661644
0.65716
0.652688
0.648227
0.643778
0.639342
0.634918
0.630507
0.62611
0.621975
0.617843
0.613715
0.60959
0.605469
0.601352
0.597238
0.593128
0.589021
0.584918
0.58082
0.576581
0.572363
0.568165
0.563989
0.559834
0.5557
0.55159
0.547502
0.543437
0.539397
0.535381
0.531546
0.527715
0.528006
0.528302
0.528602
0.528906
0.529213
0.529525
0.529841
0.530161
0.530485
0.533211
0.535954
0.53415
0.532346
0.530542
0.528739
0.526936
0.525133
0.523331
0.521529
0.519727
0.517189
0.514651
0.512113
0.509576
0.507038
0.504501
0.501964
0.499427
0.49689
0.494353
0.491817
0.490019
0.488221
0.486118
0.484016
0.481915
0.479815
0.477716
0.475618
0.473521
0.471425
0.46933
0.467236
0.465143
0.463353
0.461564
0.459775
0.457986
0.456199
0.454411
0.452624
0.450838
0.449052
0.446172
0.443292
0.444969
0.446654
0.448348
0.45005
0.451759
0.453477
0.455202
0.456935
0.458676
0.46153
0.464392
0.467155
0.469956
0.472795
0.475671
0.478583
0.481531
0.484513
0.487531
0.490582
0.493289
0.49603
0.498802
0.501606
0.504441
0.507307
0.510203
0.513129
0.516083
0.519067
0.522078
0.525117
0.528183
0.531275
0.534394
0.537539
0.540709
0.543903
0.547123
0.550366
0.553632
0.556922
0.560235
0.56357
0.566527
0.569521
0.57255
0.575615
0.578714
0.581848
0.585015
0.588216
0.591448
0.595339
0.599232
0.603129
0.607028
0.61093
0.614834
0.618741
0.622651
0.626563
0.630478
0.634395
0.638315
0.642237
0.643804
0.645422
0.64709
0.648807
0.650572
0.652386
0.654248
0.656158
0.658115
0.659431
0.660798
0.662582
0.664415
0.666298
0.668229
0.670208
0.672235
0.674309
0.67643
0.678597
0.680811
0.68307
0.685374
0.687722
0.690115
0.692552
0.695031
0.697554
0.700119
0.702726
0.705374
0.706983
0.708637
0.706071
0.703525
0.701002
0.698499
0.696018
0.69356
0.691123
0.688709
0.686317
0.683949
0.681603
0.683958
0.686354
0.68879
0.691267
0.693784
0.69634
0.698935
0.701568
0.70424
0.708942
0.713662
0.713502
0.713348
0.713202
0.713062
0.712929
0.712803
0.712684
0.712571
0.712465
0.709958
0.707456
0.704959
0.702469
0.699984
0.697505
0.695033
0.692566
0.690106
0.687652
0.685204
0.682763
0.680328
0.678029
0.675735
0.673446
0.671161
0.668881
0.666606
0.664335
0.662069
0.659809
0.657178
0.654553
0.651814
0.649083
0.646359
0.643643
0.640934
0.638234
0.635542
0.632858
0.630183
0.627139
0.624104
0.621756
0.61941
0.617066
0.614723
0.612382
0.610043
0.607706
0.60537
0.603036
0.601812
0.600589
0.599367
0.598147
0.596928
0.59571
0.594493
0.593278
0.592064
0.590851
0.589639
0.588429
0.58722
0.588701
0.590182
0.591662
0.593143
0.594624
0.596105
0.597586
0.599067
0.600548
0.602981
0.605416
0.608221
0.611026
0.613833
0.61664
0.619448
0.622257
0.625066
0.627876
0.630687
0.633499
0.636311
0.636928
0.637545
0.638162
0.63878
0.639398
0.640016
0.640634
0.641253
0.641872
0.643324
0.64478
0.646241
0.647705
0.649174
0.650647
0.652125
0.653606
0.655091
0.656581
0.658074
0.656576
0.655126
0.656609
0.658137
0.659711
0.661331
0.662996
0.664705
0.66646
0.668258
0.6701
0.671609
0.673161
0.675365
0.677571
0.679781
0.681992
0.684206
0.686422
0.688641
0.690862
0.693085
0.69531
0.697538
0.699968
0.702402
0.704839
0.707279
0.709723
0.71217
0.71462
0.717074
0.719531
0.721991
0.724454
0.726281
0.728147
0.73005
0.731991
0.733969
0.735985
0.738036
0.740124
0.742249
0.744784
0.747354
0.750074
0.752795
0.755517
0.758241
0.760965
0.763691
0.766418
0.769147
0.771876
0.774607
0.777339
0.780256
0.783203
0.786178
0.789182
0.792213
0.795272
0.798359
0.801472
0.804612
0.807406
0.810227
0.812358
0.814489
0.81662
0.818752
0.820884
0.823016
0.825149
0.827282
0.829416
0.833905
0.838397
0.841879
0.845363
0.848851
0.852342
0.855836
0.859332
0.862831
0.866334
0.869838
0.870206
0.870574
0.86729
0.86401
0.860734
0.857463
0.854197
0.850935
0.847678
0.844426
0.841179
0.841179
0.841179
0.843674
0.846174
0.848679
0.851189
0.853704
0.856223
0.858747
0.861275
0.863808
0.866346
0.868888
0.871434
0.873985
0.876541
0.8791
0.881664
0.884232
0.886805
0.889381
0.891962
0.894547
0.897135
0.899728
0.902325
0.904926
0.907531
0.91014
0.912752
0.915369
0.917989
0.920613
0.923363
0.926118
0.928878
0.931643
0.934414
0.937189
0.93997
0.942755
0.945546
0.948341
0.951142
0.951885
0.952629
0.953372
0.954116
0.95486
0.955603
0.956347
0.957091
0.957834
0.958578
0.959322
0.960421
0.961521
0.96262
0.96372
0.964819
0.965919
0.967019
0.968118
0.969218
0.970318
0.971418
0.972162
0.972906
0.97365
0.974394
0.975138
0.975882
0.976626
0.977371
0.978115
0.978859
0.979603
0.980347
0.981091
0.981836
0.98258
0.983324
0.984068
0.984812
0.985557
0.986301
0.987045
0.98779
0.988534
0.989278
0.989647
0.990016
0.990385
0.990753
0.991122
0.991491
0.99186
0.992229
0.992598
0.992598
0.992598
0.99003
0.987471
0.98492
0.982378
0.979843
0.977317
0.9748
0.972291
0.969791
0.967299
0.964816
0.963407
0.962027
0.960675
0.959353
0.958059
0.956794
0.955558
0.954352
0.953175
0.949843
0.946537
0.943257
0.940004
0.936778
0.93358
0.930409
0.927265
0.92415
0.921063
0.918005
0.914976
0.911976
0.909006
0.906066
0.903155
0.900275
0.897426
0.894608
0.891821
0.889066
0.886342
0.887756
0.889181
0.89073
0.892284
0.893842
0.895405
0.896972
0.898544
0.900121
0.901702
0.903287
0.90009
0.896893
0.893818
0.890772
0.887756
0.884769
0.881812
0.878886
0.875991
0.873126
0.870293
0.871017
0.871773
0.872921
0.874101
0.875314
0.876558
0.877834
0.879142
0.880481
0.881852
0.883254
0.884687
0.886151
0.886776
0.887401
0.888026
0.888652
0.889277
0.889903
0.890529
0.891156
0.891782
0.892409
0.893036
0.893663
0.89429
0.894917
0.895545
0.896173
0.896801
0.897429
0.898057
0.898686
0.894968
0.891251
0.887534
0.883819
0.880105
0.876391
0.872679
0.868967
0.865256
0.861547
0.857838
0.854131
0.850424
0.847069
0.843715
0.840363
0.837012
0.833662
0.830314
0.826967
0.823622
0.820279
0.816937
0.813596
0.808168
0.802745
0.797328
0.791917
0.786511
0.781111
0.775717
0.770329
0.764947
0.759815
0.754692
0.749578
0.744472
0.739375
0.734287
0.729208
0.724138
0.719078
0.714027
0.708987
0.708973
0.708962
0.708952
0.708943
0.708937
0.708932
0.70893
0.708929
0.708929
0.708932
0.708936
0.708942
0.70895
0.70896
0.708971
0.708984
0.708999
0.709016
0.709034
0.709055
0.709077
0.709101
0.709126
0.709154
0.709287
0.709423
0.709561
0.709704
0.709849
0.709997
0.710149
0.710303
0.710461
0.71005
0.709651
0.709422
0.709208
0.709008
0.708822
0.708651
0.708495
0.708353
0.708226
0.708113
0.707785
0.707475
0.707181
0.706906
0.706647
0.706407
0.706184
0.705978
0.70579
0.70562
0.705467
0.70596
0.706457
0.709151
0.711857
0.714572
0.717297
0.720033
0.722778
0.725533
0.728298
0.731072
0.731077
0.73113
0.731232
0.731383
0.731583
0.731833
0.732131
0.732478
0.732873
0.733318
0.733811
0.732197
0.730624
0.729466
0.72835
0.727274
0.72624
0.725248
0.724296
0.723387
0.72252
0.721694
0.720911
0.720171
0.719103
0.718078
0.717098
0.716162
0.71527
0.714423
0.71362
0.712862
0.712149
0.711481
0.710858
0.709909
0.709005
0.708148
0.707338
0.706575
0.705858
0.705189
0.704567
0.703993
0.704201
0.70446
0.70328
0.702149
0.701066
0.700032
0.699048
0.698113
0.697227
0.696391
0.695605
0.69487
0.694184
0.693188
0.692241
0.689259
0.688133
0.685228
0.684191
0.681364
0.680418
0.677671
0.674971
0.672311
0.670061
0.667854
0.665691
0.663572
0.661497
0.659466
0.657481
0.655541
0.653647
0.651799
0.649998
0.647504
0.645055
0.642652
0.640296
0.637986
0.635723
0.633509
0.631342
0.629225
0.627157
0.625139
0.622808
0.620526
0.618293
0.616111
0.613979
0.611899
0.60987
0.607893
0.60597
0.604099
0.602282
0.602011
0.601794
0.601632
0.601523
0.601468
0.601468
0.601522
0.601629
0.601791
0.602007
0.602277
0.602601
0.602979
0.60341
0.603895
0.604434
0.605026
0.605671
0.606369
0.60712
0.607923
0.608779
0.61001
0.61129
0.612617
0.613993
0.615416
0.616886
0.618403
0.619966
0.621576
0.623231
0.624932
0.627188
0.62948
0.631808
0.63417
0.636568
0.638999
0.641465
0.643963
0.646495
0.648684
0.650904
0.653157
0.65544
0.657755
0.660101
0.662476
0.664882
0.667318
0.669784
0.672278
0.674801
0.677353
0.679742
0.682164
0.684617
0.687102
0.689618
0.692165
0.694742
0.697349
0.699986
0.703028
0.706098
0.709197
0.712323
0.715477
0.718658
0.721866
0.7251
0.728361
0.731647
0.734958
0.737923
0.740914
0.744172
0.747448
0.750741
0.754051
0.757378
0.76072
0.76408
0.767455
0.770846
0.771803
0.77277
0.773747
0.774733
0.775729
0.776734
0.777749
0.778773
0.779806
0.780849
0.781901
0.782688
0.783482
0.784279
0.785079
0.785883
0.786691
0.787502
0.788317
0.789135
0.789957
0.790782
0.792537
0.794298
0.795984
0.797674
0.799369
0.801069
0.802773
0.804482
0.806195
0.807912
0.809634
0.811361
0.813091
0.811582
0.810114
0.808687
0.807302
0.805958
0.804656
0.803395
0.802177
0.801002
0.798167
0.795357
0.795357
0.795357
0.795357
0.795357
0.795357
0.795357
0.795357
0.795357
0.795357
0.795357
0.795357
0.7901
0.784842
0.779584
0.774326
0.769068
0.763811
0.758553
0.753295
0.748037
0.742618
0.737198
0.731779
0.726359
0.72094
0.715521
0.710102
0.704684
0.699265
0.693847
0.688429
0.686728
0.68503
0.683335
0.681643
0.679953
0.678267
0.676584
0.674904
0.673227
0.671553
0.669882
0.664223
0.658566
0.652913
0.647262
0.641614
0.635969
0.630327
0.624688
0.619052
0.613419
0.60779
0.602164
0.596542
0.590761
0.584981
0.579204
0.57343
0.567657
0.561888
0.556121
0.550356
0.544594
0.53887
0.53315
0.527607
0.522072
0.516545
0.511026
0.505515
0.500013
0.494521
0.489037
0.483563
0.482472
0.481382
0.480294
0.479209
0.478126
0.477045
0.475966
0.47489
0.473816
0.472744
0.471674
0.470607
0.469542
0.468479
0.467419
0.466361
0.465305
0.464252
0.463201
0.462153
0.461107
0.460063
0.459022
0.457984
0.456948
0.455914
0.454883
0.453855
0.452829
0.451806
0.450786
0.449768
0.448752
0.44774
0.44673
0.445723
0.444718
0.443717
0.442718
0.441722
0.440728
0.439738
0.43875
0.437765
0.436783
0.435804
0.434828
0.433855
0.432884
0.431917
0.430953
0.429991
0.429033
0.428078
0.427126
0.421879
0.416632
0.411385
0.406139
0.400893
0.395647
0.390402
0.385157
0.379912
0.374668
0.369424
0.36418
0.358937
0.353561
0.348186
0.342813
0.337441
0.332072
0.326705
0.321339
0.315976
0.310615
0.305257
0.299901
0.294547
0.289197
0.283849
0.278505
0.273164
0.267826
0.262492
0.257163
0.251837
0.246146
0.240455
0.234877
0.229299
0.223721
0.218143
0.212565
0.206987
0.201409
0.195831
0.190253
0.185885
0.18153
0.177189
0.172862
0.168551
0.164257
0.159981
0.155725
0.151491
0.14728
0.143094
0.14298
0.142867
0.143463
0.144065
0.144673
0.145287
0.145907
0.146533
0.147166
0.147804
0.148448
0.14937
0.150331
0.151328
0.152362
0.153431
0.154536
0.155674
0.156846
0.15805
0.159286
0.160553
0.161851
0.163178
0.164535
0.165919
0.167331
0.16877
0.170236
0.171726
0.173242
0.174781
0.176345
0.177996
0.179679
0.18211
0.184577
0.187078
0.189611
0.192176
0.19477
0.197394
0.200045
0.202724
0.204952
0.207187
0.206985
0.206784
0.206583
0.206383
0.206183
0.205984
0.205785
0.205587
0.205389
0.205191
0.204995
0.204798
0.204602
0.204407
0.204212
0.204018
0.203824
0.203631
0.203438
0.203246
0.202262
0.201283
0.200312
0.199346
0.198387
0.197435
0.19649
0.195551
0.194619
0.193695
0.192777
0.192148
0.191523
0.190903
0.190287
0.189676
0.18907
0.188469
0.187872
0.18728
0.186693
0.186111
0.185766
0.185424
0.185083
0.184745
0.18441
0.184077
0.183746
0.183418
0.183093
0.18277
0.182449
0.182131
0.181816
0.185788
0.189766
0.193749
0.197737
0.20173
0.205727
0.209729
0.213735
0.217744
0.222105
0.226476
0.230856
0.235246
0.239645
0.244052
0.248467
0.252889
0.257319
0.261755
0.266197
0.267871
0.269655
0.271547
0.273545
0.275647
0.27785
0.280152
0.282551
0.285043
0.287627
0.290301
0.291937
0.293658
0.29084
0.288103
0.285448
0.282879
0.280397
0.278005
0.275705
0.273499
0.271391
0.269381
0.267473
0.268505
0.269664
0.270949
0.272359
0.27389
0.275542
0.277311
0.279197
0.281195
0.284006
0.286914
0.289917
0.293013
0.296197
0.299468
0.302823
0.306258
0.309772
0.313361
0.317023
0.321483
0.32599
0.327705
0.329477
0.331304
0.333184
0.335119
0.337105
0.339143
0.341231
0.343368
0.342619
0.341869
0.344338
0.346813
0.349295
0.351783
0.354277
0.356777
0.359283
0.361794
0.364311
0.366458
0.36861
0.370028
0.371524
0.373098
0.374747
0.376473
0.378273
0.380146
0.382091
0.384108
0.38657
0.3891
0.391697
0.39436
0.397087
0.399877
0.402728
0.405639
0.40861
0.411638
0.414722
0.418217
0.421763
0.425858
0.429983
0.434136
0.438317
0.442525
0.446759
0.451019
0.455304
0.459613
0.463362
0.467122
0.470954
0.474799
0.478658
0.482531
0.486417
0.490316
0.494227
0.49815
0.502085
0.50638
0.510684
0.514284
0.517927
0.52161
0.525334
0.529098
0.5329
0.536739
0.540616
0.544529
0.549065
0.553628
0.55842
0.563235
0.568072
0.57293
0.577808
0.582706
0.587623
0.59256
0.597515
0.602226
0.606959
0.611711
0.616483
0.621275
0.626085
0.630913
0.63576
0.640624
0.645505
0.650403
0.655563
0.660735
0.665921
0.67112
0.676331
0.681554
0.686789
0.692035
0.696838
0.701623
0.706429
0.706364
0.706321
0.70595
0.705758
0.70539
0.705204
0.704839
0.704658
0.704297
0.704121
0.703762
0.704441
0.704937
0.7046
0.704262
0.703925
0.703588
0.703251
0.702914
0.702576
0.702239
0.699335
0.697902
0.694998
0.693565
0.690662
0.689229
0.686327
0.684894
0.681993
0.68056
0.677659
0.676227
0.673327
0.671895
0.668128
0.664361
0.660596
0.656831
0.653066
0.649303
0.64554
0.641778
0.638016
0.632778
0.62755
0.625407
0.623285
0.621182
0.6191
0.617038
0.614996
0.612975
0.610975
0.608996
0.608646
0.608296
0.606214
0.604391
0.602309
0.600486
0.598404
0.59658
0.594498
0.592675
0.590593
0.58877
0.586688
0.583223
0.579758
0.576295
0.572832
0.56937
0.565909
0.562448
0.558989
0.55553
0.552072
0.548615
0.54543
0.542246
0.539062
0.535878
0.532695
0.529512
0.52633
0.523148
0.519966
0.516785
0.513604
0.510724
0.507843
0.504963
0.502083
0.499203
0.496323
0.493444
0.490564
0.487685
0.484805
0.481926
0.479047
0.476168
0.47329
0.470411
0.467533
0.464654
0.461776
0.458898
0.456021
0.453143
0.450265
0.447712
0.445159
0.442606
0.440052
0.437499
0.434946
0.432393
0.42984
0.427286
0.425088
0.42289
0.420692
0.418494
0.416296
0.414098
0.411901
0.409703
0.407506
0.405309
0.403111
0.400914
0.398718
0.396521
0.394324
0.392128
0.389932
0.387735
0.385539
0.383343
0.381148
0.378952
0.376757
0.374561
0.372709
0.370857
0.369006
0.367154
0.365302
0.36345
0.361598
0.359746
0.357895
0.356043
0.354191
0.351676
0.349162
0.346649
0.344136
0.341623
0.339112
0.336601
0.33409
0.33158
0.329442
0.327304
0.325167
0.323031
0.320896
0.318761
0.316628
0.314496
0.312366
0.310236
0.308107
0.305979
0.303853
0.301444
0.299037
0.296633
0.294231
0.291832
0.289435
0.287041
0.28465
0.282262
0.280628
0.278996
0.276925
0.274861
0.272805
0.270759
0.26872
0.266691
0.264671
0.26266
0.260659
0.258667
0.256685
0.254714
0.252753
0.250803
0.248863
0.246935
0.245019
0.243114
0.241221
0.23934
0.237472
0.235617
0.233664
0.231731
0.229818
0.227926
0.226055
0.224205
0.222378
0.220573
0.218792
0.217035
0.215302
0.215672
0.216187
0.216843
0.217641
0.218578
0.219653
0.220863
0.222207
0.223682
0.225286
0.227016
0.228868
0.23084
0.23293
0.235133
0.237447
0.239868
0.242393
0.24502
0.247744
0.250563
0.253473
0.256836
0.26028
0.263803
0.267401
0.271071
0.274811
0.278618
0.282488
0.28642
0.290411
0.294458
0.29856
0.302713
0.306917
0.311168
0.315465
0.319807
0.32419
0.328615
0.333078
0.337683
0.342317
0.346978
0.351667
0.356381
0.361119
0.365882
0.370667
0.375474
0.380302
0.385151
0.389668
0.394222
0.398811
0.403434
0.40809
0.412777
0.417495
0.422242
0.427018
0.431822
0.436652
0.441125
0.445633
0.450176
0.454752
0.459361
0.464001
0.468672
0.473372
0.478102
0.482859
0.487643
0.491361
0.495121
0.49954
0.503979
0.508437
0.512914
0.517409
0.521922
0.526452
0.530999
0.535562
0.540142
0.544737
0.549366
0.554007
0.558659
0.563321
0.567994
0.572677
0.57737
0.582072
0.586784
0.591505
0.596235
0.600929
0.60563
0.610335
0.615047
0.619765
0.624487
0.629215
0.633949
0.638687
0.64343
0.648179
0.652932
0.657689
0.662452
0.667219
0.67199
0.676765
0.681545
0.686328
0.691116
0.695908
0.700703
0.70539
0.710079
0.71477
0.719464
0.724159
0.728857
0.733557
0.738258
0.742962
0.746314
0.749689
0.753084
0.756502
0.75994
0.763399
0.766878
0.770378
0.773897
0.777436
0.780995
0.784572
0.788169
0.791784
0.795417
0.799068
0.802737
0.806424
0.810128
0.81385
0.817588
0.821342
0.825114
0.828901
0.832704
0.836523
0.840358
0.844208
0.848073
0.851953
0.855848
0.859757
0.86368
0.864763
0.865856
0.866858
0.867872
0.8689
0.86994
0.870994
0.872061
0.87314
0.874233
0.875338
0.876456
0.877587
0.873848
0.870135
0.866447
0.862784
0.859148
0.855539
0.851956
0.8484
0.844871
0.841371
0.837899
0.83393
0.829985
0.826062
0.822163
0.818288
0.814438
0.810611
0.80681
0.803034
0.799284
0.795559
0.791635
0.787734
0.783857
0.780003
0.776175
0.772371
0.768592
0.764838
0.761111
0.755893
0.750686
0.745123
0.739567
0.734017
0.728474
0.722939
0.717412
0.711891
0.706379
0.700875
0.695379
0.689891
0.684412
0.678942
0.673481
0.668029
0.662587
0.657154
0.651731
0.646318
0.640916
0.635525
0.630144
0.624965
0.6198
0.61465
0.609516
0.604397
0.599294
0.594208
0.589139
0.584087
0.579053
0.574038
0.568832
0.563643
0.55847
0.553313
0.548174
0.543052
0.537948
0.532863
0.527798
0.522752
0.517726
0.513214
0.508731
0.504279
0.499858
0.495469
0.491113
0.486791
0.482504
0.478252
0.474037
0.469859
0.465432
0.461041
0.456686
0.452368
0.448089
0.443849
0.43965
0.435492
0.431378
0.427308
0.423284
0.419024
0.414806
0.410633
0.406506
0.402426
0.398394
0.394413
0.390483
0.386606
0.382785
0.379019
0.375623
0.372293
0.36903
0.365836
0.362712
0.359661
0.356685
0.353785
0.350963
0.348756
0.346549
0.348359
0.350215
0.352115
0.354058
0.356045
0.358074
0.360145
0.362257
0.364409
0.366601
0.368832
0.3711
0.373406
0.375749
0.378128
0.380543
0.382992
0.385475
0.387992
0.390541
0.393123
0.395736
0.397781
0.399884
0.402046
0.404264
0.406539
0.408868
0.411251
0.413687
0.416176
0.419092
0.422057
0.425243
0.42847
0.431737
0.435043
0.438387
0.441768
0.445186
0.448639
0.452127
0.455278
0.458463
0.461143
0.463874
0.466656
0.469488
0.472369
0.475298
0.478274
0.481296
0.484364
0.484169
0.483974
0.48378
0.483586
0.483392
0.483198
0.483004
0.482811
0.482618
0.482425
0.482232
0.48204
0.481848
0.481656
0.481464
0.481272
0.481081
0.48089
0.480699
0.480508
0.480317
0.480127
0.479937
0.479747
0.479557
0.479368
0.479179
0.47899
0.478801
0.478613
0.478424
0.478236
0.478048
0.477716
0.477384
0.477484
0.477584
0.477684
0.477785
0.477885
0.477986
0.478088
0.478189
0.478291
0.483236
0.488197
0.491005
0.493814
0.496624
0.499435
0.502247
0.505059
0.507873
0.510687
0.513503
0.516319
0.519136
0.521585
0.524036
0.526488
0.52894
0.531394
0.533849
0.536304
0.538761
0.541218
0.543676
0.546136
0.545439
0.544744
0.544051
0.543359
0.542668
0.541979
0.541291
0.540605
0.53992
0.539237
0.538555
0.537874
0.537196
0.536518
0.535842
0.535168
0.534495
0.533824
0.533154
0.532486
0.531819
0.531154
0.53049
0.529828
0.529168
0.528509
0.527851
0.527196
0.526541
0.525889
0.525238
0.524588
0.52394
0.523294
0.52265
0.522007
0.521365
0.520726
0.520087
0.519451
0.518816
0.518183
0.517801
0.517419
0.517038
0.516658
0.516278
0.5159
0.515522
0.515145
0.514769
0.514394
0.514019
0.511881
0.509777
0.508348
0.506969
0.505642
0.504365
0.503141
0.501969
0.500849
0.499782
0.498767
0.497807
0.4969
0.495305
0.493748
0.49223
0.490751
0.489311
0.48791
0.486549
0.485228
0.483948
0.482709
0.481511
0.480355
0.47924
0.478168
0.477138
0.47615
0.475206
0.474304
0.473447
0.472632
0.471862
0.471136
0.470454
0.469816
0.469223
0.468676
0.468173
0.467715
0.467302
0.466935
0.466614
0.467555
0.468505
0.469463
0.470429
0.471404
0.472387
0.473379
0.474378
0.475386
0.476402
0.477426
0.478458
0.479498
0.480546
0.481601
0.482665
0.483736
0.484815
0.485901
0.486995
0.488097
0.489206
0.490323
0.491447
0.494327
0.497219
0.500124
0.503042
0.505971
0.508912
0.511865
0.514829
0.517805
0.520792
0.52379
0.529556
0.535327
0.541102
0.546883
0.552667
0.558456
0.56425
0.570047
0.575848
0.581697
0.587547
0.593261
0.598978
0.604696
0.610415
0.616137
0.62186
0.627585
0.633311
0.639039
0.641722
0.64441
0.647237
0.650071
0.652024
0.654674
0.65663
0.659286
0.661246
0.66391
0.665873
0.671518
0.676466
0.681228
0.685999
0.690781
0.695571
0.700372
0.705181
0.709999
0.714826
0.719661
0.723982
0.728304
0.732626
0.736949
0.741272
0.745596
0.749921
0.754246
0.758572
0.762898
0.767225
0.771552
0.77588
0.780209
0.784537
0.788867
0.793197
0.797527
0.801858
0.806189
0.810521
0.814853
0.819541
0.822371
0.825654
0.828177
0.831461
0.833985
0.837269
0.839793
0.843078
0.845603
0.848889
0.851414
0.854701
0.857226
0.860514
0.863039
0.866328
0.868854
0.872143
0.874669
0.877959
0.880486
0.883403
0.886047
0.888965
0.89161
0.89453
0.897176
0.900096
0.902743
0.905665
0.908312
0.911235
0.911564
0.911892
0.912221
0.912549
0.912878
0.913206
0.913535
0.913863
0.914192
0.914521
0.91485
0.915528
0.916206
0.916884
0.917563
0.918241
0.91892
0.919599
0.920278
0.920957
0.921636
0.922315
0.922994
0.923674
0.922936
0.922197
0.921459
0.920721
0.919983
0.919245
0.918506
0.917768
0.91703
0.916292
0.915554
0.914816
0.914078
0.91334
0.912602
0.911864
0.911126
0.910388
0.909651
0.908913
0.908175
0.907437
0.906699
0.905962
0.905224
0.904486
0.903749
0.903011
0.902273
0.901536
0.900798
0.900798
0.900798
0.900798
0.900798
0.900798
0.900798
0.900798
0.900798
0.900798
0.900798
0.900798
0.903816
0.906853
0.909908
0.91298
0.91607
0.919178
0.922303
0.925446
0.928605
0.931781
0.934974
0.938278
0.941596
0.944175
0.946767
0.949372
0.95199
0.954621
0.957265
0.959921
0.96259
0.965271
0.967965
0.970671
0.973016
0.975373
0.977741
0.980121
0.982513
0.984915
0.987329
0.989754
0.992191
0.990353
0.988516
0.986313
0.98411
0.981907
0.979704
0.977501
0.975298
0.973095
0.970892
0.968689
0.965584
0.962479
0.959375
0.956272
0.95317
0.950068
0.946968
0.943868
0.940768
0.93767
0.934572
0.931475
0.928379
0.925284
0.922189
0.919096
0.916003
0.912911
0.90982
0.906729
0.90364
0.900551
0.89773
0.894909
0.892089
0.889269
0.88645
0.883631
0.880812
0.877994
0.875176
0.872359
0.869543
0.866462
0.863383
0.860673
0.857964
0.855257
0.85255
0.849845
0.847141
0.844439
0.841737
0.839037
0.836338
0.833641
0.83132
0.829001
0.826684
0.824367
0.822052
0.819739
0.817427
0.815116
0.812807
0.810499
0.808193
0.805888
0.803585
0.801284
0.798984
0.796685
0.792558
0.790027
0.785901
0.783372
0.779247
0.77672
0.772595
0.77007
0.765946
0.763423
0.759301
0.75678
0.752658
0.750139
0.746018
0.743752
0.739882
0.735511
0.73114
0.726768
0.722397
0.718026
0.713655
0.709284
0.704913
0.700543
0.696172
0.691801
0.687011
0.682223
0.677436
0.672649
0.667863
0.663079
0.658295
0.653513
0.648731
0.643951
0.639172
0.634579
0.629986
0.625394
0.620802
0.616211
0.61162
0.60703
0.60244
0.597851
0.593262
0.588674
0.583766
0.578861
0.573958
0.569058
0.564161
0.559267
0.554377
0.549489
0.544605
0.539724
0.534846
0.529972
0.525102
0.520235
0.515372
0.510513
0.505659
0.500808
0.495962
0.49112
0.485309
0.479498
0.473687
0.467876
0.462066
0.456255
0.450444
0.444633
0.438822
0.433012
0.427201
0.42139
0.41558
0.414885
0.414194
0.413508
0.412826
0.412148
0.411474
0.410805
0.41014
0.409479
0.408823
0.408172
0.407524
0.406881
0.406243
0.405609
0.404979
0.404354
0.403734
0.403118
0.402507
0.4019
0.401298
0.400451
0.399611
0.398778
0.397952
0.397132
0.39632
0.395514
0.394716
0.393925
0.393209
0.392499
0.387419
0.382343
0.377273
0.372208
0.367148
0.362094
0.357046
0.352004
0.346969
0.341887
0.336816
0.330872
0.324929
0.318985
0.313042
0.3071
0.301158
0.295216
0.289275
0.283334
0.277441
0.271547
0.265748
0.259949
0.254151
0.248353
0.242556
0.23676
0.230965
0.22517
0.219377
0.213671
0.207965
0.20405
0.200154
0.196278
0.192424
0.188592
0.184784
0.181001
0.177246
0.17352
0.170458
0.167401
0.16435
0.161306
0.158269
0.155238
0.152215
0.1492
0.146194
0.143197
0.140209
0.141842
0.14348
0.144756
0.146036
0.14732
0.148608
0.1499
0.151195
0.152495
0.153797
0.155103
0.157223
0.159367
0.161534
0.163724
0.165935
0.168167
0.170418
0.172689
0.174978
0.177284
0.179607
0.181947
0.184302
0.184159
0.184016
0.183874
0.183732
0.183592
0.183452
0.183312
0.183173
0.183035
0.182718
0.182404
0.182404
0.182404
0.182404
0.182404
0.182404
0.182404
0.182404
0.182404
0.182404
0.18281
0.183222
0.18364
0.184064
0.184494
0.18493
0.185372
0.185819
0.186272
0.186731
0.187195
0.186688
0.186182
0.185482
0.184787
0.184095
0.183409
0.182726
0.182048
0.181374
0.180705
0.18004
0.180325
0.180616
0.180769
0.180925
0.181083
0.181245
0.181409
0.181577
0.181747
0.18192
0.182097
0.182297
0.182504
0.182717
0.182937
0.183164
0.183397
0.183637
0.183884
0.184137
0.184396
0.184662
0.184935
0.185214
0.185499
0.18579
0.186088
0.186393
0.186703
0.18702
0.187343
0.187672
0.188008
0.188349
0.188697
0.18905
0.18941
0.189775
0.190147
0.190524
0.190908
0.191297
0.191692
0.192093
0.192545
0.193008
0.193481
0.193965
0.194459
0.194963
0.195477
0.196001
0.196535
0.197079
0.197633
0.198196
0.198769
0.199351
0.199943
0.200545
0.201155
0.201775
0.202404
0.203042
0.203689
0.2039
0.204445
0.204661
0.204763
0.204866
0.20497
0.205074
0.205179
0.205285
0.205391
0.205498
0.205605
0.205713
0.205822
0.205931
0.206041
0.206152
0.206263
0.206375
0.206488
0.206601
0.206715
0.206829
0.206944
0.20706
0.208057
0.209066
0.210086
0.211118
0.212161
0.213215
0.21428
0.215355
0.216442
0.217538
0.218645
0.218645
0.218645
0.218645
0.218645
0.218645
0.218645
0.218645
0.218645
0.218645
0.218501
0.218358
0.218216
0.218074
0.217932
0.217792
0.217651
0.217512
0.217373
0.217234
0.217096
0.216959
0.216822
0.216686
0.21655
0.216415
0.21628
0.216146
0.216013
0.21588
0.215748
0.215616
0.215311
0.215009
0.214708
0.21441
0.214114
0.21382
0.213529
0.21324
0.212953
0.212668
0.212385
0.212267
0.212149
0.212032
0.211915
0.211799
0.211684
0.211569
0.211455
0.211341
0.211228
0.211116
0.210148
0.209191
0.208351
0.207518
0.206693
0.205875
0.205065
0.204262
0.203467
0.20268
0.201901
0.20113
0.200368
0.199613
0.198867
0.198129
0.1974
0.196679
0.195967
0.195264
0.19457
0.193885
0.192827
0.191817
0.19098
0.190204
0.189491
0.188841
0.188254
0.187733
0.187276
0.186884
0.186559
0.186299
0.186107
0.18598
0.185921
0.185928
0.186003
0.186144
0.186352
0.186626
0.186967
0.187373
0.187844
0.188381
0.190654
0.193023
0.195484
0.198033
0.200667
0.203383
0.206177
0.209047
0.211989
0.215077
0.218218
0.221411
0.224655
0.227945
0.231282
0.234662
0.238084
0.241546
0.245046
0.248583
0.252068
0.255607
0.256699
0.257826
0.258989
0.260185
0.261416
0.262681
0.263978
0.265309
0.266671
0.267735
0.268857
0.270037
0.271274
0.272568
0.273917
0.27532
0.276778
0.278288
0.279851
0.281464
0.281356
0.281359
0.279821
0.278343
0.276926
0.275572
0.27428
0.273053
0.27189
0.270793
0.269762
0.268111
0.266537
0.264668
0.26281
0.260964
0.25913
0.257308
0.255499
0.253703
0.25192
0.25015
0.248035
0.245936
0.243854
0.241788
0.239739
0.237708
0.235694
0.233699
0.231723
0.229766
0.227829
0.225913
0.224017
0.222241
0.220479
0.218733
0.217003
0.21529
0.213593
0.211914
0.210252
0.208609
0.206983
0.205377
0.203898
0.202431
0.200979
0.19954
0.198115
0.196705
0.19531
0.19393
0.192565
0.192056
0.191551
0.191052
0.190559
0.19007
0.189587
0.18911
0.188638
0.188171
0.18771
0.187255
0.185688
0.184144
0.182718
0.181307
0.179913
0.178535
0.177174
0.17583
0.174503
0.173195
0.171905
0.171636
0.171371
0.171217
0.171064
0.170911
0.170759
0.170608
0.170458
0.170308
0.170159
0.170011
0.167685
0.165456
0.163328
0.161303
0.159388
0.157584
0.155897
0.15433
0.152887
0.151571
0.150386
0.149334
0.148419
0.147644
0.147009
0.146518
0.146172
0.145971
0.145916
0.146008
0.146246
0.14663
0.147158
0.147828
0.14864
0.14959
0.150675
0.151894
0.153243
0.154718
0.156316
0.158033
0.159866
0.161809
0.163861
0.165651
0.167536
0.169513
0.171579
0.173731
0.175965
0.178278
0.180668
0.18313
0.185712
0.188347
0.191411
0.194525
0.197687
0.200894
0.204144
0.207436
0.210767
0.214136
0.217541
0.220991
0.224484
0.229064
0.233673
0.238308
0.242969
0.247654
0.252361
0.25709
0.261839
0.266607
0.271399
0.276216
0.280744
0.285297
0.289874
0.294474
0.299095
0.303737
0.308399
0.31308
0.317779
0.32249
0.327223
0.331977
0.336752
0.341547
0.34636
0.351191
0.356039
0.360904
0.365785
0.370681
0.373885
0.377156
0.380757
0.384415
0.388128
0.391894
0.395713
0.399582
0.403499
0.407465
0.411476
0.416882
0.422292
0.427706
0.433125
0.438548
0.443974
0.449404
0.454838
0.460275
0.465716
0.47116
0.472279
0.473401
0.474292
0.475184
0.476077
0.476971
0.477866
0.478762
0.479659
0.480557
0.481456
0.482028
0.482601
0.483609
0.48462
0.485633
0.486648
0.487666
0.488687
0.48971
0.490735
0.491762
0.492792
0.493825
0.49441
0.494995
0.495581
0.496168
0.496754
0.497342
0.497929
0.498517
0.499106
0.498486
0.497867
0.497251
0.496636
0.496023
0.495411
0.494802
0.494194
0.493588
0.492984
0.492382
0.491782
0.491183
0.490587
0.489992
0.489399
0.488808
0.488218
0.487631
0.487045
0.486462
0.48588
0.4853
0.484723
0.484147
0.483573
0.483001
0.48243
0.481862
0.481296
0.480732
0.480169
0.479609
0.479051
0.478494
0.47794
0.477388
0.476837
0.476289
0.475743
0.475198
0.474656
0.474116
0.473578
0.473042
0.472508
0.471976
0.471446
0.470918
0.470393
0.469869
0.469348
0.468828
0.468311
0.467796
0.467283
0.466772
0.466264
0.465757
0.465253
0.46475
0.464251
0.463753
0.463257
0.462764
0.462272
0.461783
0.461297
0.460812
0.46033
0.45985
0.459372
0.458896
0.458423
0.457952
0.457483
0.457017
0.456553
0.456091
0.455827
0.455564
0.455303
0.455042
0.454782
0.454524
0.454266
0.45401
0.453755
0.453501
0.453248
0.453144
0.453041
0.452937
0.452835
0.452732
0.45263
0.452527
0.452426
0.452324
0.452324
0.452324
0.452481
0.452639
0.452798
0.452959
0.453121
0.453284
0.453448
0.453613
0.453779
0.45384
0.453901
0.453976
0.454053
0.454131
0.454211
0.454291
0.454373
0.454456
0.45454
0.454626
0.454826
0.455028
0.450044
0.445082
0.440143
0.435227
0.430337
0.425471
0.420632
0.41582
0.411037
0.40939
0.407809
0.406294
0.404847
0.403467
0.402156
0.400914
0.399742
0.398641
0.39761
0.396651
0.395765
0.394951
0.39421
0.393542
0.392949
0.39243
0.391985
0.391615
0.39132
0.3911
0.390955
0.390886
0.390892
0.39064
0.390458
0.390347
0.390307
0.390337
0.390438
0.390611
0.390853
0.391167
0.391223
0.391355
0.391563
0.391845
0.392202
0.392634
0.393141
0.393722
0.394376
0.395104
0.395906
0.39678
0.397726
0.398743
0.399832
0.400992
0.402221
0.40352
0.404887
0.406323
0.407825
0.409394
0.411533
0.413677
0.415826
0.417979
0.420136
0.422298
0.424465
0.426635
0.42881
0.430989
0.433172
0.435359
0.437551
0.439746
0.441945
0.444147
0.446354
0.448564
0.450778
0.452996
0.455216
0.457441
0.459431
0.461423
0.463417
0.465413
0.46741
0.46941
0.471412
0.473415
0.47542
0.477427
0.479436
0.481691
0.483949
0.489245
0.494555
0.499878
0.505213
0.510561
0.515921
0.521293
0.526675
0.532068
0.537472
0.542886
0.546766
0.550679
0.554625
0.558604
0.562615
0.566658
0.57073
0.574833
0.578965
0.583126
0.587314
0.5912
0.595115
0.599059
0.60303
0.60703
0.611057
0.61511
0.619189
0.623294
0.627424
0.631579
0.635418
0.639282
0.643172
0.647087
0.651025
0.654988
0.658974
0.662983
0.667014
0.671068
0.675143
0.678891
0.682662
0.686455
0.69027
0.694106
0.697963
0.701841
0.70574
0.709659
0.713275
0.71692
0.72093
0.724964
0.729023
0.733105
0.73721
0.741338
0.745488
0.749661
0.753855
0.758071
0.762308
0.766868
0.771446
0.776042
0.780656
0.785287
0.789934
0.794598
0.799279
0.803975
0.808687
0.813414
0.818639
0.823875
0.829121
0.834376
0.839642
0.844917
0.850201
0.855495
0.860798
0.86611
0.87143
0.876931
0.882438
0.887951
0.893471
0.898997
0.904529
0.910067
0.91561
0.92116
0.926551
0.93195
0.937356
0.942769
0.948189
0.953616
0.959049
0.964489
0.969935
0.975388
0.980847
0.986466
0.992089
0.993691
0.995307
0.996938
0.998583
1.00024
1.00192
1.0036
1.0053
1.00702
1.00884
1.01068
1.01218
1.0137
1.01522
1.01676
1.0183
1.01986
1.02142
1.02299
1.02458
1.02596
1.02736
1.02877
1.0302
1.03164
1.0331
1.03457
1.03605
1.03755
1.03906
1.04059
1.03671
1.03285
1.02901
1.02519
1.02138
1.0176
1.01383
1.01008
1.00634
1.00263
0.998932
0.995255
0.991597
0.987959
0.98434
0.980742
0.977163
0.973605
0.970067
0.96655
0.963053
0.959578
0.956125
0.952693
0.949283
0.945895
0.942529
0.939187
0.935867
0.93257
0.929296
0.926046
0.92282
0.919868
0.916943
0.914047
0.911178
0.908337
0.905524
0.90274
0.899985
0.897259
0.894563
0.891896
0.88926
0.886653
0.884077
0.881532
0.879018
0.876536
0.874084
0.871665
0.869278
0.866923
0.864601
0.862028
0.859484
0.854401
0.849323
0.844248
0.839179
0.834113
0.829053
0.823996
0.818945
0.813899
0.808857
0.803821
0.79879
0.793764
0.788743
0.783728
0.778718
0.773714
0.768716
0.763723
0.758737
0.753757
0.748783
0.744221
0.73966
0.735099
0.73054
0.725981
0.721423
0.716866
0.71231
0.707755
0.703502
0.69925
0.695206
0.691162
0.687119
0.683077
0.679036
0.674995
0.670956
0.666917
0.662879
0.658538
0.654197
0.649654
0.645113
0.640572
0.636033
0.631495
0.626958
0.622423
0.617889
0.613356
0.608825
0.604295
0.599766
0.595239
0.590713
0.586189
0.581667
0.577146
0.572626
0.568109
0.563593
0.558548
0.553503
0.548459
0.543415
0.538372
0.533329
0.528287
0.523245
0.518203
0.513163
0.508122
0.503082
0.498043
0.493004
0.487965
0.482928
0.47789
0.472854
0.467818
0.462783
0.457748
0.452714
0.447681
0.442649
0.437617
0.432586
0.427556
0.422527
0.417499
0.412471
0.407445
0.40242
0.397395
0.392149
0.386903
0.381658
0.376413
0.371168
0.365923
0.360679
0.355436
0.350192
0.34495
0.339707
0.334692
0.329678
0.324666
0.319655
0.314647
0.30964
0.304635
0.299632
0.294631
0.289632
0.284636
0.279913
0.275194
0.27048
0.265771
0.261067
0.256369
0.251676
0.24699
0.242311
0.237639
0.232974
0.228032
0.223097
0.218167
0.213244
0.208328
0.203419
0.198518
0.193626
0.188742
0.183869
0.179006
0.174155
0.169316
0.166849
0.164384
0.161923
0.159464
0.157008
0.154555
0.152106
0.14966
0.147218
0.14478
0.142346
0.139916
0.137491
0.135071
0.132655
0.130245
0.127841
0.125442
0.12305
0.120664
0.118046
0.115441
0.113961
0.112493
0.111036
0.109591
0.108158
0.106739
0.105333
0.103941
0.102564
0.101404
0.100254
0.099113
0.0979813
0.0968594
0.0957475
0.0946462
0.0935556
0.0924763
0.0914086
0.0903529
0.0895166
0.0886867
0.0840706
0.0794553
0.074841
0.0702278
0.065616
0.0610059
0.056398
0.0517928
0.047191
0.0465961
0.0460057
0.0503985
0.0548292
0.0592893
0.0637726
0.0682746
0.0727918
0.0773214
0.0818616
0.0864105
0.086863
0.0873197
0.0879532
0.0885964
0.0892491
0.0899112
0.0905823
0.0912624
0.0919512
0.0926485
0.0933542
0.093554
0.093755
0.093957
0.0941602
0.0943643
0.0945696
0.0947759
0.0949832
0.0951916
0.095401
0.0956115
0.0958229
0.0960354
0.0966431
0.0972699
0.0979154
0.0985792
0.0992611
0.0999606
0.100677
0.101411
0.102161
0.102461
0.102766
0.103166
0.103576
0.103996
0.104427
0.104869
0.10532
0.105781
0.106253
0.106734
0.107225
0.107725
0.108234
0.108753
0.109281
0.109818
0.110364
0.110918
0.111481
0.112053
0.112633
0.112984
0.113339
0.113699
0.114062
0.114428
0.114799
0.115173
0.115551
0.115933
0.116318
0.116707
0.117099
0.117495
0.117894
0.118297
0.118703
0.119112
0.119525
0.119941
0.120361
0.120783
0.121209
0.121209
0.121209
0.121209
0.121209
0.121209
0.121209
0.121209
0.121209
0.121209
0.121209
0.121209
0.121209
0.121209
0.121015
0.120822
0.12063
0.120439
0.120249
0.120059
0.119871
0.119683
0.119496
0.119311
0.119126
0.118942
0.118758
0.118576
0.118395
0.118214
0.118035
0.117857
0.117679
0.117502
0.117502
0.117502
0.117286
0.117071
0.116856
0.116643
0.11643
0.116218
0.116007
0.115796
0.115587
0.115378
0.11517
0.114719
0.114272
0.113827
0.113386
0.112948
0.112513
0.112082
0.111654
0.111229
0.110808
0.11039
0.10876
0.10715
0.105562
0.103997
0.102455
0.100938
0.0994474
0.0979835
0.096548
0.0959373
0.0953285
0.0918314
0.0883365
0.0848444
0.0813552
0.0778694
0.0743874
0.0709099
0.0674375
0.063971
0.0655054
0.0670774
0.0694148
0.0717925
0.0742066
0.0766537
0.0791307
0.0816349
0.0841639
0.0867154
0.0892877
0.0878579
0.0864303
0.0838912
0.0813531
0.0788161
0.0762802
0.0737457
0.0712126
0.0686811
0.0661514
0.0636237
0.0639771
0.0643308
0.0683746
0.0724567
0.076571
0.0807126
0.0848776
0.0890625
0.0932648
0.0974821
0.101713
0.101915
0.102119
0.0975032
0.0928886
0.0882749
0.0836622
0.0790507
0.0744406
0.0698323
0.0652261
0.0606224
0.0606224
0.0606224
0.0654206
0.0702264
0.0750385
0.0798556
0.084677
0.0895019
0.0943298
0.0991602
0.103993
0.109566
0.115152
0.115491
0.115841
0.1162
0.116569
0.116947
0.117336
0.117733
0.11814
0.118556
0.118982
0.119416
0.11986
0.120312
0.120773
0.121243
0.121721
0.122208
0.122703
0.123207
0.123718
0.123185
0.122654
0.121916
0.121184
0.120458
0.119739
0.119025
0.118318
0.117618
0.116924
0.116237
0.116563
0.116907
0.117269
0.117648
0.118046
0.118461
0.118893
0.119342
0.119808
0.120291
0.12079
0.121306
0.121838
0.122182
0.122536
0.1229
0.123272
0.123654
0.124045
0.124444
0.124853
0.12527
0.125696
0.12613
0.126573
0.127024
0.127484
0.127952
0.128428
0.128912
0.129404
0.129904
0.130411
0.130927
0.13145
0.13198
0.132518
0.133063
0.133616
0.134175
0.134742
0.135315
0.135896
0.136483
0.137192
0.137913
0.138647
0.139393
0.140151
0.140497
0.141053
0.141406
0.141973
0.142335
0.142913
0.143281
0.14387
0.144015
0.144161
0.144308
0.144455
0.144604
0.144753
0.144903
0.145054
0.145206
0.145359
0.145512
0.146674
0.147849
0.149038
0.150241
0.151457
0.152686
0.153772
0.153927
0.155024
0.15518
0.156288
0.156288
0.156288
0.156288
0.156288
0.156288
0.156288
0.156288
0.156288
0.156288
0.156288
0.156288
0.156288
0.156288
0.156288
0.156288
0.156288
0.156288
0.156288
0.156288
0.156288
0.156427
0.156567
0.156708
0.15685
0.156992
0.157135
0.157279
0.157424
0.157569
0.157715
0.157862
0.158114
0.158369
0.158475
0.158582
0.15869
0.158799
0.158909
0.159019
0.159131
0.159243
0.159356
0.159561
0.159773
0.163004
0.166288
0.16962
0.172999
0.176422
0.179886
0.183389
0.186929
0.190503
0.19411
0.197748
0.197835
0.197924
0.198013
0.198103
0.198194
0.198285
0.198377
0.198469
0.198562
0.198656
0.198751
0.198846
0.198942
0.199039
0.199136
0.199234
0.199332
0.199432
0.199532
0.199632
0.199733
0.199835
0.199938
0.200041
0.200145
0.200249
0.200354
0.20046
0.200567
0.200674
0.200782
0.200782
0.200782
0.200782
0.200782
0.200782
0.200782
0.200782
0.200782
0.200782
0.200782
0.200782
0.200782
0.200782
0.200782
0.200782
0.200782
0.200782
0.200782
0.200782
0.200782
0.200782
0.200782
0.200782
0.200782
0.200782
0.200782
0.200782
0.200782
0.200782
0.200782
0.200782
0.200782
0.200782
0.200782
0.200782
0.200782
0.200782
0.200782
0.200782
0.200782
0.200782
0.200782
0.200782
0.200782
0.200782
0.200782
0.200782
0.200782
0.200782
0.200782
0.200782
0.200782
0.200782
0.200782
0.200782
0.200782
0.200782
0.200782
0.200782
0.200782
0.200782
0.200782
0.200782
0.200782
0.200782
0.200782
0.200436
0.200092
0.199751
0.199412
0.199075
0.19874
0.198408
0.198078
0.19775
0.197425
0.197102
0.197102
0.197102
0.197102
0.197102
0.197102
0.197102
0.197102
0.197102
0.197102
0.197102
0.197102
0.197248
0.197401
0.197561
0.197726
0.197898
0.198076
0.198261
0.198451
0.198648
0.198851
0.19906
0.199275
0.199496
0.199724
0.199957
0.200197
0.200442
0.200693
0.200951
0.201214
0.201484
0.201759
0.197948
0.194149
0.190363
0.18659
0.182832
0.179089
0.175362
0.171653
0.167963
0.164292
0.160642
0.157015
0.153412
0.151562
0.149712
0.147863
0.146013
0.144164
0.142315
0.140466
0.138617
0.136768
0.134919
0.13307
0.131578
0.130086
0.128594
0.127102
0.12561
0.124119
0.122627
0.121135
0.119643
0.117447
0.115252
0.113058
0.110864
0.108671
0.106479
0.104287
0.102096
0.0999056
0.0977161
0.0955275
0.0927391
0.0899571
0.0908157
0.0917575
0.0927797
0.0938799
0.0950553
0.0963031
0.0976206
0.0990049
0.100453
0.101963
0.103532
0.100642
0.097752
0.0948621
0.0919723
0.0890826
0.0861928
0.0833032
0.0804136
0.0771925
0.0736853
0.0701801
0.0673752
0.0645778
0.061789
0.0590099
0.0562422
0.0534874
0.0507477
0.0480257
0.0453245
0.0422685
0.0396266
0.0396266
0.0396266
0.0396266
0.0396266
0.0396266
0.0396266
0.0396266
0.0396266
0.0396266
0.0398322
0.0400403
0.0400403
0.0400403
0.0400403
0.0400403
0.0400403
0.0400403
0.0400403
0.0400403
0.0400403
0.0398322
0.0396266
0.0394235
0.0392231
0.0390252
0.0388299
0.0386374
0.0384476
0.0382605
0.0380762
0.0378948
0.0377163
0.0375408
0.0375408
0.0375408
0.0375408
0.0375408
0.0375408
0.0375408
0.0375408
0.0375408
0.0375408
0.0375408
0.0375408
0.0375408
0.0375408
0.0375408
0.0375408
0.0375408
0.0375408
0.0375408
0.0375408
0.0375408
0.0375408
0.0375408
0.0376949
0.0379771
0.0383845
0.0389132
0.0395583
0.0403142
0.0411749
0.042134
0.0431847
0.0443208
0.0455357
0.0443173
0.043814
0.0440505
0.0450149
0.0466623
0.0489236
0.0517183
0.0549653
0.0585893
0.0625248
0.0667168
0.0681483
0.0695824
0.0710189
0.0724576
0.0738985
0.0753413
0.0767861
0.0782326
0.0796808
0.0789358
0.078191
0.0753853
0.0725863
0.0697948
0.0670116
0.064238
0.0614751
0.0587244
0.0559879
0.0532677
0.0484332
0.0436031
0.0436031
0.0436031
0.0436031
0.0436031
0.0436031
0.0436031
0.0436031
0.0436031
0.0436031
0.0484332
0.0532677
0.0581055
0.0629457
0.067788
0.0726318
0.0774769
0.0823231
0.0871702
0.092018
0.0968665
0.101715
0.106565
0.10635
0.106136
0.105923
0.105711
0.1055
0.105289
0.10508
0.104872
0.104664
0.104458
0.104252
0.108895
0.113664
0.118544
0.123521
0.128585
0.133725
0.138933
0.144201
0.149524
0.154355
0.159188
0.163966
0.168821
0.173746
0.178737
0.183787
0.188892
0.194047
0.19925
0.204495
0.209564
0.21468
0.219033
0.223386
0.227741
0.232096
0.236452
0.240809
0.245166
0.249524
0.253882
0.258241
0.262601
0.267529
0.272499
0.27751
0.282559
0.287644
0.292763
0.297914
0.303096
0.308308
0.313547
0.318812
0.322781
0.326753
0.330729
0.334707
0.338689
0.342674
0.346661
0.350652
0.354645
0.358413
0.362183
0.365616
0.369052
0.372489
0.375928
0.379368
0.38281
0.386253
0.389698
0.393144
0.397021
0.400902
0.403318
0.40574
0.408168
0.410603
0.413043
0.415489
0.41794
0.420397
0.42286
0.425619
0.42839
0.431548
0.434717
0.437896
0.441086
0.444285
0.447494
0.450713
0.453942
0.457179
0.460524
0.46388
0.467249
0.470629
0.474021
0.477424
0.480838
0.484263
0.487698
0.491144
0.493701
0.495895
0.498469
0.499778
0.501094
0.502415
0.503744
0.505078
0.506418
0.507765
0.509117
0.510476
0.511925
0.513384
0.51485
0.516325
0.517809
0.519301
0.520801
0.52231
0.523826
0.525351
0.526883
0.528424
0.529972
0.532983
0.536005
0.539037
0.542079
0.545131
0.548193
0.551264
0.554344
0.557434
0.560532
0.56364
0.566756
0.569881
0.573015
0.576157
0.579307
0.582465
0.585631
0.588805
0.591987
0.595176
0.598373
0.601576
0.604788
0.608006
0.611231
0.614463
0.617702
0.620948
0.6242
0.627458
0.630723
0.633994
0.637272
0.640555
0.643845
0.64714
0.650441
0.653748
0.65706
0.660378
0.663701
0.66703
0.670364
0.673703
0.677048
0.680397
0.683752
0.687111
0.690475
0.693844
0.697218
0.700596
0.703979
0.707366
0.709267
0.711172
0.713081
0.714994
0.716911
0.718832
0.720757
0.722685
0.724618
0.726555
0.728495
0.732955
0.737417
0.741881
0.746347
0.750814
0.755284
0.759756
0.764229
0.768704
0.773319
0.777938
0.779693
0.781453
0.783217
0.784985
0.786758
0.788535
0.790316
0.792101
0.793891
0.795788
0.79769
0.799599
0.801514
0.803434
0.805361
0.807293
0.80923
0.811174
0.813123
0.815077
0.817127
0.819186
0.82162
0.824065
0.82652
0.828986
0.831462
0.833948
0.836444
0.83895
0.841466
0.843747
0.846032
0.84832
0.850612
0.852907
0.855206
0.857509
0.859815
0.862125
0.864438
0.866755
0.869342
0.87194
0.87455
0.877172
0.879804
0.882448
0.885104
0.88777
0.890447
0.893135
0.895834
0.896206
0.896578
0.894678
0.8928
0.890945
0.889113
0.887303
0.885516
0.883752
0.882012
0.880294
0.876748
0.873224
0.869724
0.866247
0.862794
0.859364
0.855959
0.852579
0.849223
0.845893
0.842588
0.839309
0.836056
0.83283
0.82963
0.826457
0.823312
0.820194
0.817104
0.814042
0.811009
0.808005
0.80503
0.802085
0.799169
0.796284
0.793429
0.790606
0.787813
0.785052
0.782323
0.779626
0.776962
0.775454
0.773979
0.772537
0.771129
0.769753
0.768411
0.767103
0.765829
0.764588
0.763382
0.762211
0.761073
0.759971
0.758632
0.757324
0.756049
0.754805
0.753593
0.752413
0.751265
0.75015
0.749068
0.748362
0.747686
0.746785
0.745912
0.745066
0.744248
0.743458
0.742695
0.741961
0.741255
0.740577
0.735439
0.73031
0.724954
0.719607
0.714268
0.708938
0.703616
0.698305
0.693002
0.687709
0.682426
0.677448
0.672486
0.667327
0.662183
0.657054
0.651939
0.64684
0.641756
0.636688
0.631637
0.626602
0.621397
0.616206
0.61103
0.605869
0.600723
0.595593
0.59048
0.585382
0.580302
0.575239
0.570195
0.565168
0.560161
0.555173
0.550205
0.545257
0.54033
0.535426
0.530543
0.525683
0.520847
0.516035
0.511247
0.506486
0.50175
0.497042
0.492361
0.487709
0.483086
0.478494
0.473933
0.469404
0.464907
0.460445
0.456018
0.45137
0.446754
0.442171
0.437622
0.433108
0.428631
0.424192
0.419792
0.415431
0.410867
0.406339
0.401386
0.396462
0.391567
0.386703
0.381871
0.377072
0.372308
0.367579
0.362888
0.358235
0.353622
0.349051
0.344524
0.340042
0.335606
0.33122
0.326885
0.322602
0.318374
0.314204
0.310093
0.306045
0.30206
0.298143
0.294295
0.29052
0.28682
0.283199
0.279658
0.276203
0.272835
0.269558
0.266375
0.26329
0.260306
0.257427
0.254656
0.251997
0.249454
0.247029
0.244727
0.242551
0.240504
0.238591
0.236813
0.235174
0.233677
0.232325
0.231121
0.230066
0.229162
0.228412
0.227817
0.22969
0.231666
0.232663
0.233746
0.234916
0.23617
0.237507
0.238927
0.240427
0.242006
0.243663
0.245199
0.24682
0.246381
0.245945
0.245514
0.245088
0.244665
0.244248
0.243834
0.243425
0.243021
0.243021
0.243021
0.245657
0.248341
0.251073
0.253852
0.256674
0.25954
0.262447
0.265394
0.268381
0.271405
0.274465
0.274587
0.274711
0.274837
0.274966
0.275096
0.275228
0.275362
0.275498
0.275636
0.275776
0.275918
0.276062
0.276208
0.276356
0.276506
0.276658
0.276812
0.276968
0.277126
0.277285
0.277447
0.277611
0.277927
0.278248
0.278573
0.278902
0.279235
0.279572
0.279914
0.280259
0.280609
0.27854
0.27648
0.27416
0.271859
0.269576
0.267313
0.265069
0.262846
0.260643
0.258461
0.256302
0.250511
0.244722
0.2431
0.241536
0.240033
0.23859
0.23721
0.235894
0.234642
0.233455
0.232336
0.231283
0.230299
0.229682
0.229126
0.228633
0.228204
0.227837
0.227535
0.227296
0.227121
0.227011
0.227222
0.227507
0.227618
0.227812
0.22809
0.228452
0.228897
0.229424
0.230033
0.230723
0.231494
0.234885
0.238364
0.241927
0.245571
0.249293
0.253089
0.256955
0.260889
0.264887
0.268947
0.273066
0.278774
0.284489
0.288921
0.293374
0.297846
0.302337
0.306846
0.311372
0.315914
0.320472
0.325045
0.329658
0.334291
0.338941
0.343609
0.348294
0.352995
0.357712
0.362443
0.367189
0.371948
0.376721
0.381513
0.386321
0.391146
0.395986
0.400841
0.405711
0.410595
0.415493
0.420403
0.425326
0.430262
0.435102
0.439947
0.445648
0.451349
0.45705
0.462752
0.468453
0.474155
0.479857
0.485559
0.491261
0.491413
0.491566
0.49189
0.492216
0.492545
0.492877
0.49321
0.493546
0.493885
0.494225
0.494568
0.494914
0.495261
0.495611
0.495963
0.496318
0.496674
0.497034
0.497395
0.497759
0.498124
0.498493
0.498695
0.498899
0.499103
0.499309
0.499515
0.499723
0.499932
0.500141
0.500352
0.500564
0.500777
0.500777
0.500777
0.500814
0.500852
0.50089
0.500929
0.500967
0.501006
0.501045
0.501085
0.501125
0.502117
0.50312
0.500134
0.497199
0.494317
0.491489
0.488715
0.485997
0.483336
0.480732
0.478187
0.475701
0.473276
0.47055
0.467883
0.465278
0.462734
0.460254
0.457837
0.455486
0.4532
0.450981
0.448831
0.446749
0.444737
0.442796
0.440927
0.439131
0.437408
0.43576
0.434187
0.432691
0.431271
0.429929
0.428666
0.427482
0.426377
0.425353
0.42441
0.423549
0.42277
0.422073
0.421459
0.420929
0.420482
0.420119
0.421168
0.422217
0.423267
0.424317
0.425368
0.426419
0.427471
0.428522
0.429575
0.430627
0.43168
0.432733
0.433787
0.434841
0.435895
0.43695
0.438005
0.43906
0.440116
0.441172
0.440332
0.439494
0.437603
0.435715
0.43383
0.431948
0.430069
0.428193
0.426321
0.424451
0.422585
0.420723
0.418863
0.417371
0.415882
0.414396
0.412913
0.411433
0.409956
0.408482
0.407012
0.405544
0.404079
0.402618
0.40116
0.399706
0.398254
0.396806
0.395361
0.39392
0.392482
0.391048
0.389617
0.38801
0.386408
0.384456
0.38251
0.380572
0.378641
0.376717
0.374801
0.372893
0.370992
0.3691
0.367215
0.365339
0.359578
0.353819
0.348062
0.342307
0.336553
0.330802
0.325053
0.319306
0.313562
0.308203
0.302851
0.297564
0.292281
0.287003
0.281732
0.276466
0.271207
0.265955
0.26071
0.255473
0.250244
0.245023
0.239893
0.234768
0.229649
0.224537
0.219431
0.214333
0.209243
0.204161
0.199089
0.193402
0.187716
0.182139
0.176562
0.170985
0.165408
0.159831
0.154255
0.148679
0.143102
0.137526
0.131951
0.126375
0.124098
0.121847
0.119624
0.117429
0.115265
0.113134
0.111037
0.108977
0.106954
0.106954
0.106954
0.108977
0.111037
0.113134
0.115265
0.117429
0.119624
0.121847
0.124098
0.126375
0.126375
0.126375
0.126204
0.126033
0.125863
0.125694
0.125526
0.125359
0.125193
0.125027
0.124863
0.127329
0.129812
0.132312
0.134827
0.137357
0.139901
0.142459
0.145029
0.14761
0.150203
0.152807
0.155421
0.158044
0.160885
0.163739
0.166606
0.169486
0.172378
0.175281
0.178195
0.181118
0.184052
0.185795
0.187648
0.188975
0.190305
0.191637
0.192972
0.194309
0.195648
0.19699
0.198333
0.199679
0.201026
0.202376
0.203422
0.204469
0.205517
0.206566
0.207615
0.208665
0.209716
0.210768
0.21182
0.212873
0.213927
0.21572
0.217624
0.219638
0.221759
0.223982
0.226307
0.228728
0.231244
0.23385
0.236545
0.239325
0.239702
0.240079
0.240456
0.240832
0.241209
0.241586
0.241963
0.242339
0.242716
0.245537
0.248367
0.250089
0.251818
0.253555
0.255299
0.25705
0.258809
0.260574
0.262346
0.264124
0.263002
0.261881
0.260759
0.259637
0.258516
0.257394
0.256272
0.255151
0.254029
0.252908
0.251786
0.250665
0.249543
0.248422
0.2473
0.246179
0.245057
0.243936
0.242815
0.241693
0.240572
0.239451
0.23833
0.237209
0.23573
0.234253
0.232775
0.231298
0.22982
0.228343
0.226866
0.22539
0.223913
0.222437
0.220961
0.219485
0.218009
0.216534
0.215059
0.213584
0.212109
0.210635
0.209161
0.207687
0.206965
0.206243
0.205521
0.2048
0.204079
0.203358
0.202637
0.201916
0.201196
0.200476
0.199756
0.201306
0.202869
0.204105
0.205351
0.206606
0.20787
0.209143
0.210424
0.211714
0.213013
0.214319
0.21544
0.216566
0.217069
0.217573
0.218079
0.218586
0.219094
0.219604
0.220116
0.220628
0.221142
0.221417
0.221692
0.221692
0.221692
0.221692
0.221692
0.221692
0.221692
0.221692
0.221692
0.221692
0.221692
0.221692
0.221968
0.222243
0.222519
0.222795
0.223072
0.223349
0.223626
0.223903
0.224181
0.224459
0.224737
0.225016
0.225295
0.225574
0.225853
0.226133
0.226413
0.226693
0.226974
0.227254
0.227535
0.227817
0.228098
0.22838
0.228663
0.228945
0.229228
0.229511
0.229794
0.230078
0.230361
0.230645
0.23093
0.231214
0.231499
0.231784
0.23207
0.232355
0.232641
0.232928
0.233214
0.233501
0.233788
0.234075
0.234362
0.23465
0.234938
0.235226
0.235515
0.235803
0.236092
0.236381
0.236671
0.237218
0.237766
0.238316
0.238867
0.239418
0.239971
0.240525
0.24108
0.241636
0.242193
0.242751
0.24331
0.24387
0.244431
0.244994
0.245557
0.246121
0.246686
0.247253
0.24782
0.248388
0.248957
0.249528
0.250099
0.250369
0.25064
0.250911
0.251183
0.251454
0.251726
0.251999
0.252271
0.252544
0.252544
0.252544
0.252544
0.252544
0.252544
0.252544
0.252544
0.252544
0.252544
0.252544
0.252544
0.252544
0.252544
0.252544
0.252544
0.252544
0.252544
0.252544
0.252544
0.252544
0.252544
0.252544
0.252241
0.251938
0.251636
0.251333
0.251031
0.250728
0.250426
0.250125
0.249823
0.249522
0.249221
0.24892
0.248619
0.248318
0.248018
0.247718
0.247418
0.247118
0.246819
0.246519
0.24622
0.245922
0.245623
0.245324
0.245026
0.244728
0.244431
0.244133
0.243836
0.243539
0.243242
0.242945
0.242648
0.241685
0.240722
0.239762
0.238802
0.237844
0.236887
0.235932
0.234979
0.234027
0.233076
0.232127
0.230452
0.22878
0.226856
0.224938
0.223025
0.221117
0.219215
0.217319
0.215429
0.213545
0.211667
0.208671
0.205682
0.202501
0.199332
0.196175
0.193031
0.1899
0.186783
0.183682
0.180595
0.177525
0.172097
0.166669
0.161888
0.15711
0.152338
0.147571
0.14281
0.138055
0.133308
0.128568
0.123838
0.120003
0.116352
0.113227
0.110339
0.107707
0.10535
0.103286
0.101535
0.100111
0.0990297
0.0983018
0.0975632
0.0971842
0.0985422
0.100193
0.102122
0.104314
0.106753
0.109422
0.112305
0.115386
0.11865
0.122433
0.12636
0.130562
0.134863
0.139255
0.14373
0.148279
0.152897
0.157576
0.162313
0.167102
0.171631
0.176211
0.17654
0.176869
0.177198
0.177528
0.177857
0.178187
0.178517
0.178848
0.179178
0.179509
0.17984
0.180171
0.180502
0.180833
0.181165
0.181496
0.181828
0.18216
0.182493
0.182825
0.182825
0.182825
0.182493
0.18216
0.181828
0.181497
0.181165
0.180833
0.180502
0.180171
0.17984
0.17984
0.17984
0.17984
0.17984
0.17984
0.17984
0.17984
0.17984
0.17984
0.17984
0.17984
0.17984
0.17984
0.17984
0.17984
0.17984
0.17984
0.17984
0.17984
0.17984
0.17984
0.17984
0.17984
0.17984
0.17984
0.17984
0.17984
0.17984
0.17984
0.17984
0.17984
0.17984
0.17984
0.17984
0.17984
0.17984
0.17984
0.17984
0.17984
0.17984
0.17984
0.17984
0.17984
0.17984
0.17984
0.17984
0.17984
0.17984
0.17984
0.17984
0.17984
0.17984
0.17984
0.17984
0.17984
0.17984
0.17984
0.17984
0.17984
0.17984
0.17984
0.17984
0.17984
0.17984
0.17984
0.17984
0.17984
0.17984
0.17984
0.17984
0.17984
0.17984
0.17984
0.17984
0.17984
0.17984
0.17984
0.180146
0.180452
0.180758
0.181065
0.181372
0.181679
0.181986
0.182294
0.182602
0.18291
0.183219
0.183527
0.183836
0.184146
0.184455
0.184765
0.185075
0.185385
0.185695
0.186006
0.186317
0.186628
0.187811
0.189075
0.19042
0.191843
0.193343
0.194918
0.196566
0.198285
0.200074
0.201931
0.203854
0.205928
0.208041
0.209837
0.211667
0.21353
0.215424
0.217349
0.219305
0.22129
0.223304
0.225346
0.227219
0.229105
0.231005
0.232916
0.23484
0.236776
0.238724
0.240683
0.242653
0.244634
0.246625
0.248438
0.250257
0.252082
0.253913
0.25575
0.257593
0.259442
0.261296
0.263156
0.265021
0.266892
0.268767
0.270648
0.272533
0.274424
0.276319
0.278218
0.280123
0.282031
0.283944
0.285861
0.287783
0.288844
0.290014
0.29129
0.292673
0.294159
0.295749
0.297439
0.299228
0.301116
0.303098
0.305175
0.307044
0.30901
0.311073
0.31323
0.315479
0.317819
0.320247
0.322762
0.325361
0.328042
0.330803
0.333357
0.335995
0.338714
0.341514
0.344392
0.347346
0.350374
0.353474
0.356645
0.359885
0.363191
0.366562
0.369997
0.37002
0.37009
0.370205
0.370365
0.370571
0.370822
0.371119
0.371461
0.371848
0.372279
0.372756
0.372555
0.372382
0.372237
0.37212
0.37203
0.371968
0.371933
0.371927
0.371948
0.371997
0.372074
0.372179
0.372311
0.372471
0.372659
0.372875
0.373117
0.373388
0.373686
0.374011
0.374364
0.374744
0.375151
0.375585
0.376046
0.376534
0.377049
0.377591
0.378159
0.378753
0.379374
0.380021
0.380694
0.381393
0.382118
0.382868
0.383644
0.384445
0.385271
0.386122
0.386999
0.387899
0.388902
0.389924
0.390964
0.392023
0.393101
0.394196
0.39531
0.396442
0.397591
0.398758
0.399943
0.401145
0.402364
0.4036
0.404853
0.406122
0.407409
0.408711
0.41003
0.411365
0.412716
0.414082
0.415442
0.416812
0.417887
0.41897
0.420063
0.421164
0.422274
0.423393
0.42452
0.425655
0.426799
0.427994
0.4292
0.430736
0.432285
0.433848
0.435425
0.437015
0.438619
0.440235
0.441865
0.443507
0.445163
0.44683
0.449225
0.451634
0.454057
0.456495
0.458947
0.461413
0.463893
0.466387
0.468893
0.471453
0.47403
0.478447
0.482877
0.487319
0.491774
0.49624
0.500717
0.505206
0.509705
0.514215
0.518736
0.523266
0.527806
0.532355
0.536914
0.541482
0.546058
0.550643
0.555237
0.559838
0.564448
0.567429
0.570458
0.574093
0.577765
0.581474
0.585218
0.588998
0.592812
0.59666
0.600542
0.604455
0.604381
0.604326
0.603775
0.603251
0.602754
0.602285
0.601843
0.60143
0.601044
0.600685
0.600355
0.599834
0.599336
0.599797
0.600261
0.600728
0.601198
0.601672
0.602149
0.60263
0.603114
0.603601
0.604091
0.604585
0.605082
0.605582
0.606086
0.606592
0.607102
0.607616
0.608132
0.608652
0.609175
0.609504
0.609835
0.610168
0.610503
0.61084
0.611179
0.611519
0.611862
0.612206
0.612552
0.6129
0.61325
0.613602
0.609361
0.605122
0.600885
0.59665
0.592417
0.588186
0.583957
0.579731
0.575506
0.571284
0.567064
0.566867
0.56667
0.566474
0.566278
0.566082
0.565886
0.56569
0.565495
0.5653
0.565104
0.564909
0.560108
0.555309
0.55051
0.545712
0.540914
0.536119
0.531324
0.52653
0.521737
0.516945
0.512155
0.507115
0.502075
0.497035
0.491997
0.486959
0.481921
0.476884
0.471848
0.466812
0.461963
0.457115
0.452266
0.447418
0.44257
0.437722
0.432874
0.428026
0.423179
0.418331
0.413484
0.408861
0.404238
0.399615
0.394992
0.39037
0.385747
0.381124
0.376501
0.371878
0.367255
0.362633
0.3633
0.363976
0.36466
0.365352
0.366052
0.36676
0.367477
0.368201
0.368933
0.369673
0.37042
0.371163
0.371922
0.372697
0.373488
0.374294
0.375116
0.375954
0.376807
0.377675
0.378559
0.379458
0.380372
0.381301
0.382244
0.383203
0.384176
0.385163
0.386165
0.387181
0.388211
0.389256
0.390314
0.391361
0.392426
0.39351
0.394613
0.395733
0.396871
0.398027
0.3992
0.400391
0.401599
0.402824
0.404014
0.405212
0.405213
0.405213
0.405213
0.405213
0.405213
0.405213
0.405213
0.405213
0.405213
0.405269
0.405326
0.405384
0.405444
0.405505
0.405568
0.405632
0.405697
0.405764
0.405832
0.405902
0.405856
0.405817
0.405782
0.405754
0.40573
0.405712
0.4057
0.405693
0.405692
0.405696
0.405706
0.405721
0.405741
0.405768
0.405799
0.405836
0.405879
0.405927
0.40598
0.406039
0.406104
0.406174
0.406249
0.40633
0.406416
0.406508
0.406605
0.406708
0.406816
0.40693
0.407049
0.407173
0.407303
0.407356
0.407417
0.407486
0.407564
0.407651
0.407745
0.407849
0.40796
0.40808
0.408209
0.408345
0.407797
0.407274
0.406775
0.406301
0.405852
0.405427
0.405028
0.404655
0.404306
0.403982
0.403684
0.403166
0.402679
0.402061
0.401468
0.4009
0.400358
0.39984
0.399347
0.39888
0.398438
0.398022
0.397375
0.396759
0.396363
0.396004
0.395682
0.395396
0.395147
0.394936
0.394761
0.394622
0.394521
0.394683
0.394875
0.394876
0.394904
0.394957
0.395037
0.395143
0.395274
0.395432
0.395617
0.395827
0.393582
0.391341
0.389103
0.38687
0.384641
0.382416
0.380195
0.377978
0.375765
0.373557
0.371353
0.371353
0.371353
0.371353
0.371353
0.371353
0.371353
0.371353
0.371353
0.371353
0.371353
0.371353
0.37102
0.370727
0.370473
0.370258
0.370082
0.369946
0.369849
0.369792
0.369775
0.369797
0.369858
0.36971
0.369608
0.369115
0.368655
0.368228
0.367834
0.367474
0.367147
0.366854
0.366595
0.366369
0.366395
0.366449
0.366531
0.366642
0.36678
0.366947
0.367141
0.367364
0.367615
0.367894
0.3682
0.368347
0.368528
0.368743
0.368991
0.369273
0.369588
0.369937
0.370318
0.370733
0.371181
0.371662
0.367378
0.363142
0.358702
0.354307
0.34996
0.345662
0.341415
0.337221
0.333081
0.328999
0.324975
0.321013
0.317114
0.313281
0.309517
0.305824
0.302204
0.29866
0.295195
0.291812
0.288514
0.285303
0.286568
0.287856
0.288868
0.2899
0.29095
0.292019
0.293106
0.294212
0.295335
0.296476
0.297635
0.295393
0.29325
0.290909
0.288663
0.286513
0.284461
0.28251
0.28066
0.278916
0.277278
0.275748
0.27286
0.270074
0.267393
0.264821
0.26236
0.260013
0.257784
0.255677
0.253693
0.251835
0.250108
0.248886
0.247801
0.246855
0.24605
0.245386
0.244865
0.244488
0.244256
0.244168
0.244226
0.244428
0.244402
0.244523
0.24479
0.245203
0.245761
0.246464
0.247309
0.248296
0.249423
0.250688
0.252089
0.253624
0.25529
0.259056
0.262886
0.266779
0.27073
0.274737
0.278799
0.282912
0.287075
0.291285
0.295541
0.299839
0.30418
0.30856
0.312978
0.317433
0.321923
0.326447
0.331003
0.335589
0.340205
0.34485
0.349522
0.353337
0.357152
0.360968
0.364783
0.368599
0.372415
0.376231
0.380048
0.383864
0.387362
0.390861
0.394361
0.39786
0.401361
0.404861
0.408363
0.411864
0.415366
0.418869
0.422372
0.425875
0.429379
0.428776
0.428173
0.427571
0.42697
0.426369
0.425768
0.425168
0.424569
0.423969
0.423684
0.423399
0.423115
0.42283
0.422546
0.422261
0.421977
0.421693
0.421409
0.421125
0.420842
0.420558
0.420275
0.419992
0.419709
0.419426
0.419143
0.418861
0.418578
0.418296
0.418014
0.417732
0.41745
0.417168
0.421491
0.425816
0.430141
0.434467
0.438794
0.443122
0.447451
0.451781
0.456111
0.460443
0.464775
0.469108
0.473442
0.477776
0.482112
0.486447
0.490784
0.495121
0.499459
0.503797
0.507502
0.511208
0.509862
0.508518
0.507178
0.505841
0.504508
0.503178
0.501851
0.500527
0.499207
0.49789
0.496577
0.495267
0.493961
0.492658
0.491358
0.490063
0.48877
0.487482
0.486197
0.484916
0.483638
0.482365
0.481095
0.479828
0.478566
0.477308
0.476053
0.474802
0.473556
0.472313
0.471074
0.47102
0.47098
0.470954
0.470942
0.470943
0.470959
0.470988
0.471031
0.471088
0.471159
0.471243
0.46922
0.467203
0.46519
0.463183
0.461182
0.459185
0.457195
0.45521
0.45323
0.451257
0.449289
0.447328
0.445372
0.443422
0.441479
0.439542
0.437611
0.435686
0.433769
0.431857
0.429953
0.428055
0.426516
0.424983
0.423457
0.421936
0.420421
0.418913
0.41741
0.415914
0.414425
0.412941
0.411465
0.410213
0.408993
0.407688
0.406409
0.405157
0.403932
0.402734
0.401564
0.400421
0.399306
0.398219
0.39716
0.39613
0.395129
0.394157
0.393214
0.3923
0.391416
0.390562
0.389739
0.388945
0.388181
0.387449
0.386747
0.386076
0.385436
0.384827
0.38425
0.383704
0.38319
0.382708
0.382258
0.38184
0.381453
0.3811
0.380778
0.380489
0.380232
0.380008
0.379817
0.379658
0.379532
0.379439
0.379378
0.379554
0.379756
0.379986
0.380242
0.380526
0.380836
0.381173
0.381538
0.381928
0.382346
0.38279
0.38326
0.383757
0.38428
0.384829
0.385405
0.386006
0.386633
0.387286
0.387964
0.388667
0.389396
0.390174
0.390956
0.391743
0.392533
0.393328
0.394126
0.394929
0.395735
0.396546
0.39736
0.398178
0.399001
0.399827
0.400392
0.40096
0.401529
0.402102
0.402676
0.403253
0.403832
0.404414
0.404997
0.405583
0.406172
0.408474
0.410815
0.413194
0.415612
0.418066
0.420557
0.423084
0.425646
0.428242
0.43075
0.433298
0.435884
0.43851
0.441173
0.443873
0.446609
0.449382
0.452189
0.455031
0.457906
0.45623
0.454619
0.453449
0.452344
0.451306
0.450335
0.44943
0.448593
0.447825
0.447124
0.446492
0.445929
0.445435
0.445011
0.444656
0.44437
0.444155
0.44401
0.443935
0.44393
0.443994
0.44413
0.444335
0.44461
0.444954
0.445369
0.445852
0.446405
0.447027
0.447718
0.448477
0.449304
0.450198
0.45116
0.452188
0.453283
0.454444
0.45567
0.456961
0.458316
0.459735
0.461217
0.462761
0.464367
0.465661
0.467015
0.468428
0.469899
0.471428
0.473014
0.474657
0.476357
0.478112
0.479922
0.481786
0.486589
0.491392
0.496197
0.501002
0.505808
0.510615
0.515423
0.520232
0.525042
0.529853
0.534664
0.537784
0.540904
0.544026
0.547149
0.550273
0.553398
0.556524
0.559651
0.562779
0.565908
0.569039
0.572169
0.575301
0.579187
0.58308
0.58698
0.590886
0.594799
0.598719
0.602644
0.606576
0.610513
0.616367
0.622222
0.628078
0.633934
0.639791
0.645648
0.651507
0.657365
0.663225
0.669085
0.674946
0.677384
0.679829
0.679454
0.679078
0.678702
0.678327
0.677951
0.677575
0.6772
0.676824
0.676449
0.675704
0.674959
0.677118
0.679294
0.681489
0.683701
0.68593
0.688177
0.690441
0.692722
0.69502
0.697334
0.699665
0.702012
0.704375
0.706754
0.709149
0.711559
0.713986
0.716427
0.718884
0.721355
0.723842
0.726343
0.728858
0.731389
0.733933
0.736492
0.739064
0.74165
0.74425
0.746864
0.749491
0.752507
0.755537
0.758579
0.761635
0.764704
0.767785
0.770879
0.773985
0.777103
0.780233
0.783375
0.786904
0.790443
0.793994
0.797555
0.801128
0.804711
0.808305
0.811909
0.815523
0.819148
0.822783
0.823193
0.823607
0.821314
0.819045
0.816802
0.814585
0.812393
0.810226
0.808086
0.805971
0.803883
0.801822
0.799787
0.795057
0.790344
0.785648
0.780969
0.776309
0.771667
0.767044
0.762439
0.757854
0.753289
0.748744
0.747699
0.746682
0.745692
0.744729
0.743794
0.742886
0.742006
0.741154
0.74033
0.739533
0.738765
0.737689
0.736644
0.735629
0.734645
0.733692
0.732769
0.731878
0.731018
0.730188
0.729391
0.728625
0.729002
0.729398
0.729815
0.730251
0.730708
0.731183
0.731679
0.732194
0.732729
0.733283
0.733857
0.734451
0.735063
0.735696
0.736347
0.737018
0.737708
0.738417
0.739145
0.739892
0.740967
0.742063
0.74318
0.744317
0.745476
0.746656
0.747856
0.749076
0.750318
0.751579
0.752861
0.75355
0.754255
0.754976
0.755713
0.756465
0.757233
0.758016
0.758816
0.75963
0.76046
0.761306
0.762167
0.763043
0.763935
0.764842
0.765764
0.766701
0.767653
0.76862
0.769602
0.770599
0.771611
0.777185
0.782758
0.788332
0.793906
0.79948
0.805055
0.810629
0.816203
0.821777
0.823242
0.827991
0.827768
0.830848
0.829853
0.828888
0.827953
0.827047
0.826172
0.825327
0.824513
0.823728
0.822974
0.823243
0.823513
0.823782
0.824052
0.824321
0.824591
0.824861
0.825131
0.825401
0.825671
0.825941
0.826446
0.826952
0.827458
0.827965
0.828472
0.828979
0.829487
0.829995
0.830503
0.831012
0.831521
0.83259
0.833664
0.83857
0.843482
0.848401
0.853325
0.858256
0.863193
0.868135
0.873084
0.878038
0.882997
0.887962
0.892634
0.897313
0.901997
0.906688
0.911385
0.916089
0.920798
0.925513
0.930234
0.930491
0.930776
0.931088
0.931428
0.931795
0.93219
0.932612
0.933061
0.933537
0.934041
0.934572
0.936966
0.93939
0.941844
0.944327
0.94684
0.949381
0.951951
0.95455
0.957177
0.959831
0.962514
0.964584
0.966654
0.968725
0.970797
0.97287
0.974942
0.977016
0.97909
0.981165
0.98324
0.985316
0.987393
0.98947
0.991814
0.994159
0.996505
0.998852
1.0012
1.00355
1.0059
1.00825
1.0106
1.01333
1.01606
1.01879
1.02152
1.02425
1.02698
1.02972
1.03245
1.03518
1.03792
1.04066
1.04339
1.04613
1.04887
1.05161
1.05435
1.05709
1.05983
1.06258
1.06532
1.06807
1.07081
1.07356
1.0763
1.07743
1.07855
1.07968
1.0808
1.08193
1.08305
1.08417
1.0853
1.08642
1.08571
1.08499
1.08092
1.07686
1.07279
1.06873
1.06467
1.06061
1.05656
1.05251
1.04846
1.04441
1.04036
1.03621
1.03206
1.02792
1.02378
1.01964
1.01551
1.01138
1.00726
1.00314
0.999028
0.994918
0.991929
0.988966
0.986031
0.983123
0.980243
0.97739
0.974566
0.971769
0.969002
0.966262
0.963552
0.960871
0.95822
0.955598
0.953007
0.950445
0.947914
0.945414
0.942945
0.940506
0.936193
0.931895
0.9273
0.922719
0.918152
0.913599
0.90906
0.904536
0.900027
0.895532
0.891053
0.886449
0.881857
0.877279
0.872714
0.868162
0.863624
0.8591
0.85459
0.850095
0.845614
0.841148
0.836853
0.832577
0.828319
0.824081
0.819861
0.815661
0.811482
0.807322
0.803182
0.799064
0.794967
0.790716
0.786484
0.781955
0.777443
0.772949
0.768472
0.764013
0.759572
0.75515
0.750747
0.746363
0.741999
0.737655
0.733657
0.729683
0.725731
0.721803
0.717899
0.714019
0.710164
0.706333
0.702529
0.69875
0.694997
0.691271
0.687573
0.683901
0.680258
0.676644
0.673058
0.669502
0.665976
0.66248
0.659015
0.655582
0.65218
0.648811
0.645474
0.642171
0.638902
0.635667
0.632467
0.629302
0.626174
0.623082
0.620027
0.616308
0.612622
0.608971
0.605356
0.601777
0.598234
0.594729
0.591261
0.587832
0.584443
0.581093
0.577785
0.574517
0.571292
0.56811
0.564971
0.561876
0.558826
0.555823
0.552865
0.551378
0.549891
0.549516
0.549142
0.548767
0.548393
0.548018
0.547643
0.547269
0.546894
0.54652
0.546145
0.54577
0.547657
0.549547
0.551439
0.553333
0.55523
0.557128
0.55903
0.560933
0.562838
0.563373
0.563908
0.564658
0.565409
0.566162
0.566915
0.56767
0.568426
0.569183
0.569942
0.570702
0.571463
0.572225
0.572988
0.573752
0.574518
0.575285
0.576053
0.576822
0.577592
0.578364
0.579137
0.57991
0.580685
0.581646
0.582609
0.583574
0.584541
0.58551
0.586482
0.587455
0.588431
0.58941
0.59039
0.591372
0.592357
0.593343
0.594332
0.595323
0.596316
0.597311
0.598308
0.599307
0.600308
0.601312
0.602317
0.603324
0.604333
0.605345
0.606358
0.607373
0.60839
0.609409
0.610431
0.611454
0.612173
0.612893
0.613615
0.614338
0.615062
0.615788
0.616514
0.617242
0.617971
0.618701
0.619432
0.620165
0.620898
0.621633
0.622369
0.623106
0.623845
0.624584
0.625325
0.626066
0.626809
0.627553
0.628298
0.629045
0.628041
0.627038
0.626035
0.625033
0.624031
0.62303
0.622029
0.621028
0.620028
0.619028
0.618029
0.61703
0.616031
0.615033
0.614036
0.613039
0.612042
0.611046
0.61005
0.609054
0.61283
0.616628
0.616555
0.616482
0.616409
0.616337
0.616265
0.616193
0.616121
0.61605
0.615978
0.615907
0.615837
0.615766
0.615696
0.615626
0.615556
0.615486
0.615416
0.615347
0.615278
0.615209
0.614868
0.614529
0.614192
0.613857
0.613523
0.613192
0.612862
0.612534
0.612209
0.611885
0.611562
0.611242
0.610924
0.610608
0.610293
0.609981
0.60967
0.609361
0.609054
0.608749
0.608446
0.608145
0.607846
0.607549
0.607249
0.606952
0.606659
0.606369
0.606083
0.605801
0.605522
0.605246
0.604974
0.604706
0.604441
0.604232
0.604029
0.603831
0.60364
0.603453
0.603273
0.603098
0.602928
0.602765
0.601063
0.599382
0.597992
0.596631
0.5953
0.593997
0.592724
0.591481
0.590267
0.589083
0.58793
0.586806
0.585714
0.584652
0.58362
0.58262
0.581651
0.580714
0.579808
0.578933
0.57809
0.577279
0.577845
0.578418
0.579244
0.580081
0.580927
0.581784
0.58265
0.583526
0.584412
0.585308
0.586214
0.586982
0.587768
0.589523
0.591284
0.593051
0.594824
0.596602
0.598386
0.600175
0.60197
0.603771
0.605577
0.607388
0.609205
0.611026
0.612854
0.614686
0.616523
0.618366
0.620213
0.622066
0.623924
0.625786
0.627653
0.629174
0.630699
0.632228
0.633761
0.635298
0.636839
0.638384
0.639933
0.641486
0.643274
0.645077
0.647249
0.649437
0.65164
0.653858
0.656091
0.658338
0.6606
0.662876
0.665166
0.667463
0.669771
0.672089
0.674417
0.676756
0.679105
0.681465
0.683834
0.686213
0.688602
0.691001
0.688525
0.686049
0.683573
0.681098
0.678624
0.67615
0.673677
0.671204
0.668732
0.666261
